123 64 4
1.000000 -1.000000
1.000000 -0.751452
0.729310 -1.000000
0.451642 -1.000000
0.722739 -0.781186
0.797959 -0.724303
0.778804 -0.503897
1.000000 -0.449689
1.000000 -0.267083
1.000000 0.000000
0.152083 -1.000000
0.559138 -0.724052
0.442911 -0.799286
0.324265 -0.741098
0.157707 -0.832601
0.548124 -0.534965
0.698592 -0.453320
0.688009 -0.290880
0.765367 -0.223781
0.758740 0.000000
0.765367 0.223781
1.000000 0.267083
1.000000 0.449689
-0.141071 -1.000000
-0.446062 -1.000000
-0.713858 -1.000000
-1.000000 -1.000000
0.027389 -0.714900
-0.010241 -0.714304
-0.147460 -0.837012
0.413033 -0.474141
0.292709 -0.555442
0.167225 -0.519215
0.402071 -0.299775
0.517862 -0.226643
0.512597 0.000000
0.688009 0.290880
0.517862 0.226643
0.698592 0.453320
0.778804 0.503897
0.797959 0.724303
1.000000 0.751452
1.000000 1.000000
-0.306057 -0.743885
-0.433823 -0.803572
-0.548426 -0.720898
-0.722382 -0.772471
-0.751623 -0.751384
-1.000000 -0.784635
0.119634 -0.438271
-0.276511 -0.555221
-0.081560 -0.432325
-0.141774 -0.528763
0.169422 -0.275019
0.261264 -0.234489
0.277739 0.000000
0.402071 0.299775
0.261264 0.234489
0.413033 0.474141
0.548124 0.534965
0.559138 0.724052
0.722739 0.781186
0.729310 1.000000
-0.355625 -0.494374
-0.523425 -0.529432
-0.597851 -0.467151
-0.760865 -0.486711
-0.792343 -0.522088
-1.000000 -0.528598
-0.132306 -0.276281
0.012399 -0.175210
-0.339840 -0.289440
-0.236884 -0.237060
0.169422 0.275019
0.011339 0.000000
0.012399 0.175210
0.119634 0.438271
0.292709 0.555442
0.167225 0.519215
0.442911 0.799286
0.324265 0.741098
0.451642 1.000000
-0.561145 -0.259834
-0.495207 -0.224352
-0.821652 -0.268541
-0.739504 -0.197972
-1.000000 -0.255231
-0.249940 0.000000
-0.478305 0.000000
-0.081560 0.432325
-0.132306 0.276281
-0.236884 0.237060
-0.141774 0.528763
-0.010241 0.714304
0.027389 0.714900
0.157707 0.832601
0.152083 1.000000
-0.749598 0.000000
-1.000000 0.000000
-0.339840 0.289440
-0.495207 0.224352
-0.561145 0.259834
-0.739504 0.197972
-0.355625 0.494374
-0.276511 0.555221
-0.306057 0.743885
-0.147460 0.837012
-0.141071 1.000000
-0.821652 0.268541
-1.000000 0.255231
-0.523425 0.529432
-0.597851 0.467151
-0.760865 0.486711
-0.548426 0.720898
-0.433823 0.803572
-0.446062 1.000000
-0.792343 0.522088
-1.000000 0.528598
-0.722382 0.772471
-0.751623 0.751384
-0.713858 1.000000
-1.000000 0.784635
-1.000000 1.000000
5 110 109 113 117 118 
5 115 106 107 108 116 
6 107 94 95 96 97 108 
5 98 89 101 102 103 
4 118 117 120 122 
5 119 114 115 116 121 
6 57 38 37 39 60 59 
6 111 104 105 106 115 114 
5 75 56 58 74 76 
5 62 41 42 43 63 
6 102 101 100 104 111 112 
5 96 81 80 82 97 
7 74 58 57 59 78 79 77 
7 117 113 112 111 114 119 120 
4 20 10 22 21 
5 109 103 102 112 113 
6 78 59 60 61 80 81 
6 60 39 40 41 62 61 
5 122 120 119 121 123 
5 88 75 76 91 92 
7 100 92 91 90 93 105 104 
5 56 36 38 57 58 
4 40 23 42 41 
5 79 78 81 96 95 
5 36 20 21 37 38 
6 93 90 77 79 95 94 
5 105 93 94 107 106 
5 99 98 103 109 110 
6 37 21 22 23 40 39 
5 89 88 92 100 101 
5 80 61 62 63 82 
5 91 76 74 77 90 
5 69 68 67 85 87 
5 25 24 30 44 45 
6 24 11 15 28 29 30 
5 86 83 84 89 98 
4 49 48 68 69 
5 26 25 45 46 47 
6 31 16 17 18 35 34 
6 46 45 44 51 64 65 
5 71 54 55 56 75 
5 3 1 2 6 5 
6 66 65 64 72 84 83 
5 11 4 13 14 15 
7 50 33 32 31 34 55 54 
7 48 47 46 65 66 67 68 
4 19 9 10 20 
5 67 66 83 86 85 
6 14 13 12 16 31 32 
6 12 5 6 7 17 16 
5 27 26 47 48 49 
5 73 70 71 75 88 
7 64 51 53 52 70 73 72 
5 55 34 35 36 56 
4 6 2 8 7 
5 28 15 14 32 33 
5 35 18 19 20 36 
6 29 28 33 50 52 53 
5 44 30 29 53 51 
5 87 85 86 98 99 
6 17 7 8 9 19 18 
5 84 72 73 88 89 
5 4 3 5 12 13 
5 52 50 54 71 70 
14 17 19 21 23 25 27 29 30 
1 2 5 6 7 9 10 15 16 
1 3 4 8 11 12 13 14 
16 18 20 22 24 26 28 30 