2014 1024 4
-1.000000 -1.000000
-0.939023 -1.000000
-0.868805 -1.000000
-0.960660 -0.933290
-0.935124 -0.957312
-1.000000 -0.935614
-0.896978 -0.940712
-0.870145 -0.958091
-1.000000 -0.866145
-1.000000 -0.807439
-0.803609 -1.000000
-0.834687 -0.935913
-0.804813 -0.953111
-0.897414 -0.898445
-0.947068 -0.870317
-0.938410 -0.886054
-0.878038 -0.885205
-0.837201 -0.904925
-1.000000 -0.745401
-0.931520 -0.833325
-0.948462 -0.806034
-0.933887 -0.772204
-0.952234 -0.743764
-0.740806 -1.000000
-0.771520 -0.934044
-0.741950 -0.947953
-0.776139 -0.889357
-0.807989 -0.879417
-0.886021 -0.831155
-0.873718 -0.846618
-0.820089 -0.840436
-0.937231 -0.711719
-0.956619 -0.681813
-1.000000 -0.679869
-1.000000 -0.619242
-0.679432 -1.000000
-0.875441 -0.788730
-0.891792 -0.769251
-0.880336 -0.726564
-0.897758 -0.707826
-0.712104 -0.931440
-0.679355 -0.948365
-0.749264 -0.870864
-0.711622 -0.891069
-0.809914 -0.821131
-0.748241 -0.840536
-0.779253 -0.814645
-0.834356 -0.784157
-1.000000 -0.565024
-0.887903 -0.664123
-0.936426 -0.623470
-0.931343 -0.641459
-0.927033 -0.603689
-0.944512 -0.562601
-0.616933 -1.000000
-0.554978 -1.000000
-0.648381 -0.931650
-0.617369 -0.946924
-0.819431 -0.751616
-0.840503 -0.721755
-0.861037 -0.651702
-0.827318 -0.689853
-0.680892 -0.872854
-0.649847 -0.886787
-0.685213 -0.825954
-0.708117 -0.816628
-0.721246 -0.773775
-0.779531 -0.748709
-0.762883 -0.772224
-1.000000 -0.502056
-1.000000 -0.446748
-0.929952 -0.536542
-0.944930 -0.504522
-0.854146 -0.631790
-0.875518 -0.592628
-0.868488 -0.574450
-0.886824 -0.536506
-1.000000 -0.384411
-0.955826 -0.383070
-0.586596 -0.930692
-0.555020 -0.946878
-0.492617 -1.000000
-0.523524 -0.930627
-0.492760 -0.946253
-0.430312 -1.000000
-0.619984 -0.869923
-0.586612 -0.887349
-0.793244 -0.680812
-0.765101 -0.712219
-0.782205 -0.647906
-0.805950 -0.618640
-0.654649 -0.809376
-0.619367 -0.829885
-0.698905 -0.745481
-0.651236 -0.773126
-0.689717 -0.744476
-0.732738 -0.705479
-0.926527 -0.469877
-0.938219 -0.442657
-0.931154 -0.423751
-0.878324 -0.478094
-0.869674 -0.508717
-0.797522 -0.583696
-0.817752 -0.562069
-0.813880 -0.518413
-1.000000 -0.318171
-1.000000 -0.260130
-0.949133 -0.321220
-0.935394 -0.352303
-0.889862 -0.407024
-0.892885 -0.358171
-0.959723 -0.193651
-1.000000 -0.194801
-0.554768 -0.870094
-0.524187 -0.885500
-0.461353 -0.930340
-0.430204 -0.946391
-0.492400 -0.869053
-0.461278 -0.884937
-0.367446 -1.000000
-0.398616 -0.930392
-0.367358 -0.947015
-0.586163 -0.811063
-0.556456 -0.826032
-0.717891 -0.673431
-0.739195 -0.638605
-0.755204 -0.574764
-0.730120 -0.616754
-0.589408 -0.768169
-0.616599 -0.755033
-0.672069 -0.670278
-0.621736 -0.708562
-0.657385 -0.699328
-0.857099 -0.449614
-0.861851 -0.422609
-0.804881 -0.509943
-0.807985 -0.465378
-0.757655 -0.516633
-0.742937 -0.550590
-0.929852 -0.290468
-0.943993 -0.257152
-0.933251 -0.235533
-0.883792 -0.295823
-0.879052 -0.346404
-0.836135 -0.354109
-0.827696 -0.393917
-0.898481 -0.225135
-0.893180 -0.170540
-0.938156 -0.165242
-0.953308 -0.127186
-1.000000 -0.125289
-0.523561 -0.808354
-0.492909 -0.823721
-0.304179 -1.000000
-0.241240 -1.000000
-0.461727 -0.807623
-0.398109 -0.885949
-0.430036 -0.869067
-0.429272 -0.824161
-0.334665 -0.930393
-0.304256 -0.947179
-0.334507 -0.887514
-0.366342 -0.869678
-0.555686 -0.748790
-0.525382 -0.763661
-0.659998 -0.643529
-0.684559 -0.604271
-0.677123 -0.584621
-0.696371 -0.548428
-0.597363 -0.690687
-0.558687 -0.707980
-0.617994 -0.634936
-0.597623 -0.652635
-0.791974 -0.406368
-0.785161 -0.443647
-0.743982 -0.455545
-0.734712 -0.483001
-0.688815 -0.493510
-0.680031 -0.517428
-0.869149 -0.282183
-0.871037 -0.241802
-0.822761 -0.293809
-0.815837 -0.333710
-0.773028 -0.342815
-0.764739 -0.381282
-0.836458 -0.221356
-0.842730 -0.175559
-0.887982 -0.166809
-0.884942 -0.111687
-0.934710 -0.104093
-0.944030 -0.064233
-1.000000 -0.056860
-1.000000 0.000000
-1.000000 0.056860
-1.000000 0.125289
-0.493449 -0.746444
-0.461421 -0.761341
-0.178195 -1.000000
-0.270088 -0.930288
-0.241118 -0.946714
-0.206493 -0.930645
-0.178552 -0.947172
-0.432719 -0.746140
-0.396744 -0.766216
-0.398918 -0.808407
-0.365160 -0.827193
-0.270434 -0.887283
-0.300420 -0.869797
-0.300569 -0.829452
-0.333182 -0.810287
-0.116937 -1.000000
-0.495678 -0.697735
-0.527517 -0.686268
-0.625819 -0.526274
-0.610924 -0.586478
-0.626311 -0.572251
-0.566433 -0.580255
-0.538385 -0.634021
-0.543375 -0.631842
-0.614485 -0.515112
-0.726801 -0.392341
-0.717018 -0.421371
-0.677749 -0.431727
-0.666035 -0.457888
-0.623546 -0.464275
-0.806471 -0.233577
-0.799858 -0.271287
-0.752147 -0.320620
-0.759358 -0.282912
-0.706696 -0.330621
-0.699668 -0.359584
-0.775975 -0.209999
-0.822504 -0.158449
-0.782452 -0.169520
-0.827145 -0.116237
-0.873969 -0.102733
-0.872785 -0.062288
-0.922340 -0.039695
-0.924172 -0.000000
-0.944030 0.064233
-0.922340 0.039695
-0.934710 0.104093
-0.953308 0.127186
-0.938156 0.165242
-0.959723 0.193651
-1.000000 0.194801
-1.000000 0.260130
-1.000000 0.318171
-0.429204 -0.705181
-0.468566 -0.681894
-0.140680 -0.929926
-0.116102 -0.945732
-0.234334 -0.869349
-0.205790 -0.886253
-0.141426 -0.890059
-0.171816 -0.870950
-0.398056 -0.688330
-0.365760 -0.749606
-0.363513 -0.711170
-0.331645 -0.770119
-0.264972 -0.809798
-0.235264 -0.827585
-0.298876 -0.752672
-0.266122 -0.772609
-0.078013 -0.932123
-0.055365 -0.949552
-0.054874 -1.000000
0.001129 -1.000000
-0.498138 -0.617824
-0.464083 -0.646414
-0.551500 -0.556154
-0.573635 -0.517600
-0.489884 -0.584111
-0.519038 -0.553025
-0.606697 -0.448138
-0.549279 -0.480349
-0.566908 -0.452204
-0.646054 -0.385843
-0.649549 -0.377228
-0.615557 -0.400341
-0.733641 -0.258438
-0.741444 -0.222367
-0.700126 -0.268493
-0.687739 -0.306186
-0.630334 -0.330865
-0.646414 -0.308481
-0.872785 0.062288
-0.712750 -0.196521
-0.758171 -0.148414
-0.716354 -0.163958
-0.802698 -0.094994
-0.761398 -0.113214
-0.804395 -0.064541
-0.845737 -0.040357
-0.845399 0.000000
-0.845737 0.040357
-0.884942 0.111687
-0.873969 0.102733
-0.887982 0.166809
-0.893180 0.170540
-0.898481 0.225135
-0.933251 0.235533
-0.943993 0.257152
-0.929852 0.290468
-0.949133 0.321220
-0.935394 0.352303
-0.955826 0.383070
-1.000000 0.384411
-1.000000 0.446748
-0.394992 -0.653511
-0.424905 -0.627708
-0.073342 -0.888784
-0.101422 -0.868222
-0.040662 -0.877772
-0.102296 -0.839159
-0.168401 -0.825685
-0.197789 -0.808501
-0.141789 -0.814637
-0.353002 -0.634873
-0.328784 -0.653143
-0.328955 -0.693084
-0.297100 -0.712279
-0.267695 -0.697429
-0.227994 -0.749437
-0.199912 -0.767179
-0.230479 -0.717378
-0.002131 -0.915474
-0.002612 -0.930944
0.005424 -0.940863
0.056931 -0.948624
0.063235 -1.000000
0.032025 -0.881752
0.115964 -1.000000
-0.450184 -0.570289
-0.421657 -0.598610
-0.518415 -0.482511
-0.496138 -0.509736
-0.444247 -0.542774
-0.471894 -0.509655
-0.574111 -0.380358
-0.546096 -0.412412
-0.492469 -0.435838
-0.512639 -0.409810
-0.569040 -0.353706
-0.588551 -0.329619
-0.668688 -0.215992
-0.666450 -0.237225
-0.628743 -0.263265
-0.605383 -0.257238
-0.575102 -0.288523
-0.827145 0.116237
-0.802698 0.094994
-0.804395 0.064541
-0.643423 -0.188545
-0.690612 -0.140645
-0.657057 -0.150289
-0.731105 -0.088576
-0.697567 -0.105706
-0.769448 -0.036541
-0.733610 -0.061558
-0.770505 0.000000
-0.769448 0.036541
-0.842730 0.175559
-0.822504 0.158449
-0.871037 0.241802
-0.836458 0.221356
-1.000000 0.502056
-1.000000 0.565024
-1.000000 0.619242
-1.000000 0.679869
-0.883792 0.295823
-0.869149 0.282183
-0.879052 0.346404
-0.892885 0.358171
-0.889862 0.407024
-0.938219 0.442657
-0.931154 0.423751
-0.926527 0.469877
-0.944930 0.504522
-1.000000 0.745401
-1.000000 0.807439
-1.000000 0.866145
-0.956619 0.681813
-0.937231 0.711719
-0.952234 0.743764
-1.000000 0.935614
-1.000000 1.000000
-0.352995 -0.596025
-0.379464 -0.578981
-0.027134 -0.842866
0.023070 -0.847056
-0.039555 -0.818453
-0.070242 -0.812253
-0.153359 -0.744331
-0.087504 -0.768255
-0.130508 -0.770952
-0.318237 -0.578337
-0.282484 -0.634561
-0.283917 -0.597971
-0.262998 -0.650218
-0.193899 -0.686930
-0.225453 -0.643171
-0.151853 -0.730568
-0.188221 -0.687312
0.040075 -0.823288
0.073664 -0.895778
0.080079 -0.925440
0.116533 -0.939948
0.098607 -0.864648
0.077800 -0.825773
0.171959 -1.000000
0.228724 -1.000000
0.147283 -0.925571
0.174525 -0.946436
0.286970 -1.000000
-0.382406 -0.535714
-0.400651 -0.525173
-0.458004 -0.439291
-0.444911 -0.473428
-0.408411 -0.483189
-0.439215 -0.417402
-0.496521 -0.369194
-0.523680 -0.341755
-0.464927 -0.362814
-0.443026 -0.377297
-0.515294 -0.302744
-0.536093 -0.280073
-0.609646 -0.192592
-0.590884 -0.224166
-0.550698 -0.219935
-0.527982 -0.243589
-0.761398 0.113214
-0.782452 0.169520
-0.758171 0.148414
-0.731105 0.088576
-0.733610 0.061558
-0.697567 0.105706
-0.586195 -0.158428
-0.603063 -0.121448
-0.624303 -0.118177
-0.653670 -0.071865
-0.691569 -0.029567
-0.690039 0.000000
-0.691569 0.029567
-0.775975 0.209999
-0.806471 0.233577
-0.799858 0.271287
-0.822761 0.293809
-0.929952 0.536542
-0.944512 0.562601
-0.927033 0.603689
-0.936426 0.623470
-0.931343 0.641459
-0.836135 0.354109
-0.815837 0.333710
-0.861851 0.422609
-0.827696 0.393917
-0.878324 0.478094
-0.857099 0.449614
-0.886824 0.536506
-0.869674 0.508717
-0.960660 0.933290
-0.933887 0.772204
-0.948462 0.806034
-0.931520 0.833325
-0.938410 0.886054
-0.947068 0.870317
-0.887903 0.664123
-0.897758 0.707826
-0.880336 0.726564
-0.891792 0.769251
-0.935124 0.957312
-0.939023 1.000000
-0.316789 -0.533168
-0.344943 -0.519090
-0.292133 -0.521445
0.025997 -0.787145
-0.013987 -0.781990
-0.070546 -0.743815
-0.028227 -0.749326
-0.082484 -0.709600
-0.108866 -0.699408
-0.250260 -0.574167
-0.256321 -0.537053
-0.207197 -0.609324
-0.215469 -0.588356
-0.161937 -0.619117
-0.150643 -0.651235
-0.120919 -0.660730
0.338620 -1.000000
0.046551 -0.758315
0.103886 -0.789531
0.086832 -0.762063
0.152445 -0.890916
0.130532 -0.864936
0.130680 -0.792819
0.150383 -0.823921
0.222996 -0.932717
0.281833 -0.942257
0.230728 -0.940263
0.222610 -0.897115
0.198802 -0.877162
0.294836 -0.929941
0.339768 -0.938178
0.396128 -1.000000
0.455442 -1.000000
0.515053 -1.000000
0.572627 -1.000000
0.628290 -1.000000
0.692659 -0.952551
0.695065 -1.000000
0.753636 -1.000000
-0.378974 -0.456719
-0.347932 -0.470558
-0.385746 -0.427587
-0.370082 -0.401476
-0.399368 -0.358440
-0.394162 -0.343176
-0.455140 -0.303736
-0.465501 -0.294613
-0.420787 -0.303533
-0.465704 -0.245017
-0.487334 -0.231146
-0.538757 -0.164136
-0.535612 -0.168998
-0.488127 -0.181174
-0.716354 0.163958
-0.690612 0.140645
-0.741444 0.222367
-0.712750 0.196521
-0.657057 0.150289
-0.652320 0.072045
-0.624303 0.118177
-0.528412 -0.117889
-0.572465 -0.092624
-0.573233 -0.067379
-0.614048 -0.042905
-0.614361 -0.000000
-0.614048 0.042905
-0.773028 0.342815
-0.733641 0.258438
-0.759358 0.282912
-0.752147 0.320620
-0.700126 0.268493
-0.875518 0.592628
-0.868488 0.574450
-0.854146 0.631790
-0.861037 0.651702
-0.764739 0.381282
-0.791974 0.406368
-0.785161 0.443647
-0.807985 0.465378
-0.804881 0.509943
-0.817752 0.562069
-0.813880 0.518413
-0.897414 0.898445
-0.896978 0.940712
-0.886021 0.831155
-0.875441 0.788730
-0.878038 0.885205
-0.873718 0.846618
-0.827318 0.689853
-0.840503 0.721755
-0.834356 0.784157
-0.819431 0.751616
-0.870145 0.958091
-0.868805 1.000000
-0.225426 -0.511393
-0.311395 -0.452801
-0.244441 -0.464609
-0.285976 -0.472963
-0.004269 -0.716812
0.032926 -0.724360
-0.016701 -0.685137
-0.046373 -0.676331
-0.060709 -0.638437
-0.086740 -0.630587
-0.197245 -0.516843
-0.183256 -0.547500
-0.147795 -0.556779
-0.100398 -0.594520
-0.136081 -0.585689
0.060258 -0.691859
0.354142 -0.928649
0.396264 -0.942575
0.111575 -0.712773
0.160366 -0.738304
0.163645 -0.753765
0.199568 -0.824202
0.201920 -0.775275
0.287420 -0.880661
0.269190 -0.872134
0.255427 -0.828060
0.323340 -0.863116
0.356648 -0.881533
0.419837 -0.928320
0.454836 -0.942244
0.483098 -0.927153
0.513493 -0.939666
0.544505 -0.924871
0.598875 -0.925319
0.652384 -0.932030
0.572373 -0.936308
0.633571 -0.940321
0.664568 -0.888539
0.706393 -0.881417
0.725513 -0.928316
0.761526 -0.934258
0.815677 -0.949991
0.821151 -1.000000
0.874942 -1.000000
-0.308823 -0.418046
-0.338741 -0.394760
-0.327486 -0.348439
-0.353039 -0.327808
-0.394296 -0.269283
-0.349585 -0.288863
-0.425952 -0.228619
-0.399661 -0.243373
-0.466910 -0.166336
-0.428604 -0.182113
-0.467266 -0.125445
-0.503916 -0.104789
-0.668688 0.215992
-0.643423 0.188545
-0.666450 0.237225
-0.609646 0.192592
-0.586195 0.158428
-0.603063 0.121448
-0.572465 0.092624
-0.573233 0.067379
-0.500321 -0.065741
-0.540444 -0.041370
-0.540550 -0.000000
-0.540444 0.041370
-0.726801 0.392341
-0.699668 0.359584
-0.706696 0.330621
-0.687739 0.306186
-0.628743 0.263265
-0.646414 0.308481
-0.797522 0.583696
-0.805950 0.618640
-0.793244 0.680812
-0.782205 0.647906
-0.743982 0.455545
-0.717018 0.421371
-0.757655 0.516633
-0.734712 0.483001
-0.755204 0.574764
-0.742937 0.550590
-0.677749 0.431727
-0.837201 0.904925
-0.834687 0.935913
-0.809914 0.821131
-0.820089 0.840436
-0.807989 0.879417
-0.765101 0.712219
-0.779531 0.748709
-0.779253 0.814645
-0.762883 0.772224
-0.804813 0.953111
-0.803609 1.000000
-0.170441 -0.483781
-0.233345 -0.446884
-0.183271 -0.450770
-0.274869 -0.400627
-0.241925 -0.414627
0.054456 -0.665512
0.014185 -0.652560
0.004297 -0.618137
-0.025323 -0.607890
-0.069553 -0.560576
-0.037233 -0.570322
-0.119184 -0.520309
-0.130465 -0.491086
-0.081168 -0.530847
0.131227 -0.667157
0.116884 -0.643644
0.078215 -0.638654
0.418705 -0.881377
0.386481 -0.866452
0.270027 -0.807499
0.176439 -0.668017
0.191961 -0.699984
0.222666 -0.706466
0.238940 -0.755025
0.252245 -0.759650
0.321853 -0.806192
0.326023 -0.810747
0.386206 -0.812145
0.480188 -0.876930
0.449683 -0.864083
0.513077 -0.859320
0.540343 -0.871823
0.579202 -0.854002
0.636908 -0.859080
0.603379 -0.867650
0.651206 -0.824433
0.698869 -0.822375
0.718963 -0.860499
0.758437 -0.856912
0.780224 -0.884582
0.819666 -0.882217
0.840712 -0.925271
0.871852 -0.928306
0.883905 -0.944340
0.936684 -0.946779
0.945823 -1.000000
1.000000 -1.000000
-0.289159 -0.339400
-0.276475 -0.348657
-0.287995 -0.290647
-0.326267 -0.273275
-0.360349 -0.214543
-0.326087 -0.233653
-0.363761 -0.180736
-0.398163 -0.162803
-0.399555 -0.124578
-0.433577 -0.104969
-0.433968 -0.068009
-0.469247 -0.046939
-0.590884 0.224166
-0.605383 0.257238
-0.550698 0.219935
-0.538757 0.164136
-0.535612 0.168998
-0.528412 0.117889
-0.503916 0.104789
-0.500321 0.065741
-0.468285 -0.000000
-0.469247 0.046939
-0.646054 0.385843
-0.649549 0.377228
-0.630334 0.330865
-0.615557 0.400341
-0.588551 0.329619
-0.575102 0.288523
-0.739195 0.638605
-0.730120 0.616754
-0.732738 0.705479
-0.717891 0.673431
-0.666035 0.457888
-0.688815 0.493510
-0.696371 0.548428
-0.680031 0.517428
-0.684559 0.604271
-0.677123 0.584621
-0.623546 0.464275
-0.606697 0.448138
-0.776139 0.889357
-0.771520 0.934044
-0.749264 0.870864
-0.748241 0.840536
-0.698905 0.745481
-0.708117 0.816628
-0.721246 0.773775
-0.741950 0.947953
-0.740806 1.000000
-0.109194 -0.460681
-0.122952 -0.424259
-0.164253 -0.420530
-0.228072 -0.340664
-0.178313 -0.390421
-0.211638 -0.383942
0.038446 -0.588936
0.065565 -0.598384
-0.004661 -0.540815
0.027724 -0.551737
-0.050492 -0.491857
-0.015372 -0.502820
-0.061872 -0.465267
0.193128 -0.636171
0.156400 -0.595421
0.140509 -0.598399
0.102725 -0.570461
0.392550 -0.806086
0.445673 -0.813821
0.326160 -0.757085
0.293772 -0.736039
0.255719 -0.677295
0.219118 -0.629621
0.254433 -0.659622
0.293588 -0.701045
0.360501 -0.740751
0.391090 -0.757319
0.509191 -0.810502
0.462159 -0.799102
0.575348 -0.805669
0.529915 -0.793442
0.634009 -0.792496
0.597858 -0.786959
0.659887 -0.757689
0.715872 -0.788525
0.699595 -0.762290
0.776036 -0.818507
0.756192 -0.788569
0.837575 -0.853913
0.816576 -0.817143
0.874450 -0.852969
0.894817 -0.883548
0.933159 -0.884334
0.952370 -0.927137
1.000000 -0.927362
-0.220653 -0.328599
-0.259041 -0.273658
-0.232034 -0.285076
-0.262877 -0.229776
-0.293167 -0.213732
-0.295074 -0.175503
-0.328634 -0.156449
-0.364026 -0.102608
-0.330744 -0.122689
-0.365006 -0.067490
-0.398919 -0.046561
-0.399248 0.000000
-0.536093 0.280073
-0.527982 0.243589
-0.488127 0.181174
-0.487334 0.231146
-0.466910 0.166336
-0.467266 0.125445
-0.433577 0.104969
-0.433968 0.068009
-0.398919 0.046561
-0.566908 0.452204
-0.569040 0.353706
-0.574111 0.380358
-0.546096 0.412412
-0.523680 0.341755
-0.515294 0.302744
-0.689717 0.744476
-0.659998 0.643529
-0.672069 0.670278
-0.657385 0.699328
-0.614485 0.515112
-0.626311 0.572251
-0.625819 0.526274
-0.617994 0.634936
-0.610924 0.586478
-0.573635 0.517600
-0.549279 0.480349
-0.711622 0.891069
-0.712104 0.931440
-0.685213 0.825954
-0.680892 0.872854
-0.654649 0.809376
-0.651236 0.773126
-0.679355 0.948365
-0.679432 1.000000
-0.046696 -0.434583
-0.103018 -0.398137
-0.070017 -0.398701
-0.122344 -0.354454
-0.151158 -0.351919
-0.170116 -0.323647
-0.099778 -0.331282
0.101832 -0.544403
0.061458 -0.521486
0.017435 -0.473723
0.058467 -0.495585
0.014241 -0.441574
-0.006140 -0.426968
0.177264 -0.564417
0.233820 -0.590464
0.218976 -0.567195
0.135198 -0.518071
0.163833 -0.529040
0.458487 -0.753732
0.425801 -0.738145
0.359360 -0.693367
0.329495 -0.679369
0.322815 -0.633867
0.281509 -0.589252
0.295652 -0.623696
0.391246 -0.676387
0.423265 -0.691310
0.525713 -0.746866
0.492225 -0.732595
0.559223 -0.725537
0.586224 -0.735391
0.625822 -0.711192
0.643226 -0.717866
0.721586 -0.716661
0.689098 -0.688641
0.747947 -0.713073
0.775800 -0.751294
0.812330 -0.748358
0.835116 -0.784281
0.872660 -0.782579
0.894431 -0.816892
0.931905 -0.815954
0.953746 -0.854914
1.000000 -0.854682
-0.158991 -0.287297
-0.194813 -0.260445
-0.194128 -0.230731
-0.226212 -0.208924
-0.259107 -0.153148
-0.226264 -0.174709
-0.293555 -0.098395
-0.259643 -0.120759
-0.365006 0.067490
-0.294326 -0.067200
-0.328512 -0.044719
-0.328813 0.000000
-0.328512 0.044719
-0.465704 0.245017
-0.465501 0.294613
-0.425952 0.228619
-0.428604 0.182113
-0.399555 0.124578
-0.398163 0.162803
-0.364026 0.102608
-0.518415 0.482511
-0.512639 0.409810
-0.492469 0.435838
-0.496521 0.369194
-0.455140 0.303736
-0.464927 0.362814
-0.621736 0.708562
-0.616599 0.755033
-0.597363 0.690687
-0.597623 0.652635
-0.551500 0.556154
-0.566433 0.580255
-0.543375 0.631842
-0.519038 0.553025
-0.496138 0.509736
-0.471894 0.509655
-0.649847 0.886787
-0.648381 0.931650
-0.619367 0.829885
-0.619984 0.869923
-0.589408 0.768169
-0.586163 0.811063
-0.617369 0.946924
-0.616933 1.000000
-0.050702 -0.343727
-0.003733 -0.373700
-0.044279 -0.359696
-0.130664 -0.276469
-0.104280 -0.291730
-0.031795 -0.302828
-0.066342 -0.272759
0.092446 -0.464953
0.127886 -0.482017
0.087615 -0.436346
0.057462 -0.418360
0.019163 -0.361147
0.054966 -0.379074
0.293829 -0.565154
0.239297 -0.524595
0.205197 -0.494436
0.260699 -0.521498
0.204072 -0.476890
0.164770 -0.451860
0.456383 -0.672828
0.487524 -0.686191
0.355406 -0.613223
0.389574 -0.628877
0.352630 -0.569561
0.327608 -0.554566
0.421574 -0.610857
0.452150 -0.623545
0.550874 -0.677426
0.521152 -0.665914
0.586135 -0.654678
0.613156 -0.664493
0.688618 -0.658714
0.648264 -0.639520
0.715286 -0.637587
0.766899 -0.682018
0.752936 -0.645927
0.830404 -0.714622
0.813763 -0.684212
0.891974 -0.747895
0.872607 -0.714981
0.931188 -0.747685
0.952139 -0.783680
1.000000 -0.783361
-0.126998 -0.230388
-0.157851 -0.210299
-0.157289 -0.174706
-0.188789 -0.152980
-0.188717 -0.120236
-0.221979 -0.097064
-0.222171 -0.066822
-0.256917 -0.042913
-0.330744 0.122689
-0.293555 0.098395
-0.294326 0.067200
-0.257139 0.000000
-0.256917 0.042913
-0.420787 0.303533
-0.399661 0.243373
-0.394296 0.269283
-0.360349 0.214543
-0.328634 0.156449
-0.363761 0.180736
-0.458004 0.439291
-0.444911 0.473428
-0.439215 0.417402
-0.443026 0.377297
-0.394162 0.343176
-0.399368 0.358440
-0.555686 0.748790
-0.558687 0.707980
-0.538385 0.634021
-0.527517 0.686268
-0.489884 0.584111
-0.498138 0.617824
-0.450184 0.570289
-0.444247 0.542774
-0.400651 0.525173
-0.408411 0.483189
-0.586612 0.887349
-0.586596 0.930692
-0.554768 0.870094
-0.556456 0.826032
-0.525382 0.763661
-0.523561 0.808354
-0.555020 0.946878
-0.554978 1.000000
-0.006526 -0.296196
0.022412 -0.318253
-0.061111 -0.239318
-0.092054 -0.215563
-0.028753 -0.226241
0.005207 -0.251959
0.127095 -0.404686
0.161775 -0.425002
0.087287 -0.358778
0.122937 -0.379158
0.062428 -0.302826
0.087205 -0.323484
0.283229 -0.491248
0.330261 -0.503679
0.275522 -0.460248
0.237667 -0.447348
0.197890 -0.396845
0.228942 -0.407502
0.484684 -0.605153
0.514548 -0.617108
0.416646 -0.559813
0.393989 -0.549250
0.385719 -0.503079
0.349430 -0.490063
0.452138 -0.543172
0.479609 -0.554555
0.549080 -0.596465
0.576545 -0.607206
0.612254 -0.584746
0.644115 -0.598074
0.707009 -0.588736
0.675877 -0.577437
0.740629 -0.566898
0.767288 -0.577810
0.779242 -0.615532
0.833317 -0.645247
0.820325 -0.622998
0.892753 -0.678276
0.874824 -0.648529
0.931469 -0.679336
0.951853 -0.712936
1.000000 -0.713156
-0.118801 -0.154282
-0.087902 -0.177684
-0.149784 -0.097125
-0.117397 -0.121406
-0.149343 -0.067230
-0.184352 -0.042290
-0.184265 -0.000000
-0.259643 0.120759
-0.259107 0.153148
-0.295074 0.175503
-0.221979 0.097064
-0.222171 0.066822
-0.184352 0.042290
-0.349585 0.288863
-0.353039 0.327808
-0.326087 0.233653
-0.326267 0.273275
-0.293167 0.213732
-0.378974 0.456719
-0.385746 0.427587
-0.370082 0.401476
-0.338741 0.394760
-0.327486 0.348439
-0.495678 0.697735
-0.493449 0.746444
-0.468566 0.681894
-0.464083 0.646414
-0.421657 0.598610
-0.424905 0.627708
-0.382406 0.535714
-0.379464 0.578981
-0.347932 0.470558
-0.344943 0.519090
-0.524187 0.885500
-0.523524 0.930627
-0.492400 0.869053
-0.492909 0.823721
-0.461421 0.761341
-0.461727 0.807623
-0.492760 0.946253
-0.492617 1.000000
0.066102 -0.266930
0.035363 -0.241459
-0.050364 -0.161563
-0.019918 -0.184990
0.009191 -0.175737
0.044129 -0.203984
0.185582 -0.352111
0.159667 -0.345837
0.137691 -0.302263
0.141041 -0.291123
0.107255 -0.248781
0.347271 -0.445875
0.304357 -0.430886
0.298224 -0.398137
0.260822 -0.381735
0.215739 -0.328028
0.256601 -0.346452
0.541663 -0.548449
0.512955 -0.536408
0.369756 -0.427837
0.422472 -0.476461
0.447461 -0.485716
0.410315 -0.439553
0.474276 -0.474028
0.508871 -0.488628
0.577601 -0.527088
0.605261 -0.537684
0.669640 -0.529532
0.638354 -0.517445
0.701575 -0.509504
0.733987 -0.522879
0.765617 -0.501339
0.809271 -0.525475
0.842635 -0.576798
0.809655 -0.546924
0.869832 -0.573561
0.897337 -0.608321
0.929662 -0.607024
0.953455 -0.642075
1.000000 -0.641605
-0.077345 -0.099971
-0.046925 -0.123867
-0.262877 0.229776
-0.076143 -0.068216
-0.111301 -0.043132
-0.110938 0.000000
-0.149343 0.067230
-0.111301 0.043132
-0.188789 0.152980
-0.188717 0.120236
-0.226264 0.174709
-0.226212 0.208924
-0.149784 0.097125
-0.289159 0.339400
-0.287995 0.290647
-0.259041 0.273658
-0.232034 0.285076
-0.276475 0.348657
-0.308823 0.418046
-0.311395 0.452801
-0.274869 0.400627
-0.285976 0.472963
-0.432719 0.746140
-0.429204 0.705181
-0.398056 0.688330
-0.394992 0.653511
-0.353002 0.634873
-0.352995 0.596025
-0.316789 0.533168
-0.318237 0.578337
-0.292133 0.521445
-0.461278 0.884937
-0.461353 0.930340
-0.430036 0.869067
-0.429272 0.824161
-0.396744 0.766216
-0.398918 0.808407
-0.430204 0.946391
-0.430312 1.000000
0.077520 -0.190032
0.112974 -0.226856
0.084822 -0.165324
0.024076 -0.131050
-0.005415 -0.106053
0.048264 -0.126521
0.213770 -0.292237
0.180173 -0.271321
0.182237 -0.231720
0.149292 -0.209310
0.333639 -0.367407
0.366118 -0.384980
0.329511 -0.342181
0.288362 -0.320108
0.252059 -0.267959
0.286433 -0.290514
0.568192 -0.477125
0.541671 -0.468627
0.440103 -0.403657
0.407284 -0.362156
0.472104 -0.403622
0.481347 -0.413126
0.529986 -0.417249
0.632602 -0.468887
0.600288 -0.456710
0.697312 -0.463273
0.664084 -0.449345
0.766271 -0.462675
0.727908 -0.444478
0.792794 -0.445743
0.837040 -0.499878
0.829727 -0.462555
0.890668 -0.534939
0.877346 -0.509827
0.932224 -0.538264
0.951445 -0.569985
1.000000 -0.570861
-0.002831 -0.070382
-0.038599 -0.045604
-0.194128 0.230731
-0.194813 0.260445
-0.037684 -0.000000
-0.076143 0.068216
-0.038599 0.045604
-0.117397 0.121406
-0.077345 0.099971
-0.118801 0.154282
-0.157851 0.210299
-0.157289 0.174706
-0.228072 0.340664
-0.220653 0.328599
-0.170116 0.323647
-0.158991 0.287297
-0.241925 0.414627
-0.211638 0.383942
-0.233345 0.446884
-0.244441 0.464609
-0.256321 0.537053
-0.225426 0.511393
-0.365760 0.749606
-0.363513 0.711170
-0.328784 0.653143
-0.328955 0.693084
-0.282484 0.634561
-0.283917 0.597971
-0.250260 0.574167
-0.398109 0.885949
-0.398616 0.930392
-0.366342 0.869678
-0.365160 0.827193
-0.333182 0.810287
-0.331645 0.770119
-0.367358 0.947015
-0.367446 1.000000
0.152566 -0.171381
0.119036 -0.148576
0.073379 -0.087996
0.122248 -0.112076
0.070427 -0.072087
0.033775 -0.049792
0.251471 -0.234831
0.219128 -0.212773
0.187126 -0.153381
0.220457 -0.175770
0.411070 -0.344543
0.368795 -0.300415
0.326731 -0.262425
0.290513 -0.211557
0.328037 -0.240476
0.551835 -0.396282
0.594718 -0.410041
0.487101 -0.347249
0.448585 -0.323362
0.546868 -0.358381
0.510668 -0.338827
0.660308 -0.403542
0.624353 -0.387654
0.727468 -0.399671
0.693424 -0.383224
0.759599 -0.382050
0.794569 -0.405268
0.828989 -0.387969
0.870080 -0.428792
0.869990 -0.423352
0.904974 -0.463700
0.929019 -0.462682
0.956285 -0.497396
1.000000 -0.496913
0.033460 0.000000
-0.130664 0.276469
-0.126998 0.230388
-0.002831 0.070382
0.033775 0.049792
-0.005415 0.106053
-0.046925 0.123867
-0.087902 0.177684
-0.050364 0.161563
-0.092054 0.215563
-0.104280 0.291730
-0.151158 0.351919
-0.178313 0.390421
-0.122344 0.354454
-0.099778 0.331282
-0.183271 0.450770
-0.164253 0.420530
-0.215469 0.588356
-0.170441 0.483781
-0.197245 0.516843
-0.183256 0.547500
-0.262998 0.650218
-0.297100 0.712279
-0.298876 0.752672
-0.267695 0.697429
-0.207197 0.609324
-0.225453 0.643171
-0.334507 0.887514
-0.334665 0.930393
-0.300569 0.829452
-0.300420 0.869797
-0.264972 0.809798
-0.266122 0.772609
-0.304256 0.947179
-0.304179 1.000000
0.189188 -0.117529
0.149192 -0.092719
0.150475 -0.065072
0.108791 -0.035837
0.107203 0.000000
0.292152 -0.180542
0.257254 -0.155676
0.259025 -0.121756
0.222959 -0.096580
0.449961 -0.286596
0.408544 -0.260534
0.364119 -0.215836
0.406589 -0.242174
0.364765 -0.182616
0.328367 -0.159384
0.620287 -0.349601
0.586627 -0.329749
0.521720 -0.281185
0.487204 -0.263154
0.540067 -0.275064
0.583776 -0.301868
0.690402 -0.336881
0.661928 -0.322648
0.729526 -0.316697
0.763246 -0.348433
0.807772 -0.328335
0.835278 -0.355509
0.907104 -0.383470
0.875822 -0.342894
0.927021 -0.383833
0.953807 -0.422693
1.000000 -0.422228
0.070427 0.072087
0.108791 0.035837
0.073379 0.087996
-0.061111 0.239318
-0.066342 0.272759
0.024076 0.131050
0.048264 0.126521
0.009191 0.175737
-0.019918 0.184990
-0.028753 0.226241
-0.050702 0.343727
-0.031795 0.302828
-0.161937 0.619117
-0.044279 0.359696
-0.103018 0.398137
-0.122952 0.424259
-0.070017 0.398701
-0.130465 0.491086
-0.109194 0.460681
-0.136081 0.585689
-0.119184 0.520309
-0.147795 0.556779
-0.227994 0.749437
-0.193899 0.686930
-0.230479 0.717378
-0.188221 0.687312
-0.150643 0.651235
-0.270434 0.887283
-0.270088 0.930288
-0.235264 0.827585
-0.234334 0.869349
-0.199912 0.767179
-0.197789 0.808501
-0.241118 0.946714
-0.241240 1.000000
0.224341 -0.066753
0.185502 -0.039052
0.186184 -0.000000
0.150475 0.065072
0.185502 0.039052
0.329404 -0.123561
0.296484 -0.100201
0.297283 -0.067937
0.260887 -0.042492
0.482106 -0.224520
0.440736 -0.207274
0.398354 -0.161333
0.435091 -0.180623
0.369920 -0.102115
0.397736 -0.122548
0.514149 -0.196469
0.653255 -0.279951
0.620264 -0.268942
0.544464 -0.200237
0.559572 -0.227674
0.607673 -0.234047
0.733747 -0.294904
0.688202 -0.251551
0.705091 -0.254095
0.810697 -0.298075
0.784148 -0.272519
0.887350 -0.311885
0.857954 -0.278031
0.927522 -0.302876
0.954335 -0.348220
1.000000 -0.347661
0.149192 0.092719
0.122248 0.112076
0.084822 0.165324
0.119036 0.148576
-0.006526 0.296196
0.005207 0.251959
0.077520 0.190032
0.044129 0.203984
0.035363 0.241459
0.022412 0.318253
-0.120919 0.660730
0.019163 0.361147
-0.003733 0.373700
-0.086740 0.630587
-0.100398 0.594520
-0.061872 0.465267
-0.006140 0.426968
-0.046696 0.434583
-0.050492 0.491857
-0.081168 0.530847
-0.069553 0.560576
-0.153359 0.744331
-0.151853 0.730568
-0.108866 0.699408
-0.205790 0.886253
-0.206493 0.930645
-0.168401 0.825685
-0.171816 0.870950
-0.130508 0.770952
-0.141789 0.814637
-0.178552 0.947172
-0.178195 1.000000
0.261398 0.000000
0.224341 0.066753
0.260887 0.042492
0.189188 0.117529
0.222959 0.096580
0.370035 -0.068363
0.335342 -0.044077
0.335449 -0.000000
0.488623 -0.142798
0.442809 -0.102354
0.475367 -0.141463
0.447994 -0.074430
0.409096 -0.044610
0.568172 -0.166831
0.521001 -0.117114
0.556960 -0.128756
0.633131 -0.195900
0.665005 -0.201262
0.620051 -0.172496
0.785256 -0.240847
0.744318 -0.216888
0.700064 -0.170060
0.740577 -0.190420
0.863565 -0.245612
0.815799 -0.219219
0.881131 -0.233841
0.928896 -0.245623
0.941770 -0.277041
1.000000 -0.277197
0.187126 0.153381
0.152566 0.171381
0.112974 0.226856
0.149292 0.209310
0.062428 0.302826
0.066102 0.266930
0.107255 0.248781
0.054966 0.379074
0.087287 0.358778
0.087205 0.323484
-0.082484 0.709600
-0.046373 0.676331
-0.060709 0.638437
0.014241 0.441574
0.057462 0.418360
-0.025323 0.607890
-0.037233 0.570322
0.017435 0.473723
-0.015372 0.502820
-0.004661 0.540815
-0.070546 0.743815
-0.087504 0.768255
-0.141426 0.890059
-0.140680 0.929926
-0.101422 0.868222
-0.070242 0.812253
-0.102296 0.839159
-0.116102 0.945732
-0.116937 1.000000
0.297283 0.067937
0.335342 0.044077
0.296484 0.100201
0.259025 0.121756
0.257254 0.155676
0.220457 0.175770
0.370035 0.068363
0.411077 0.000000
0.409096 0.044610
0.514898 -0.072697
0.481848 -0.056216
0.481666 -0.000000
0.634521 -0.128376
0.591453 -0.099172
0.591068 -0.072408
0.553528 -0.048507
0.695461 -0.136789
0.661701 -0.117175
0.776782 -0.159161
0.816901 -0.184751
0.735918 -0.108934
0.775227 -0.132732
0.855691 -0.160429
0.885404 -0.181753
0.926988 -0.169101
0.953701 -0.207337
1.000000 -0.206604
0.219128 0.212773
0.182237 0.231720
0.141041 0.291123
0.180173 0.271321
0.137691 0.302263
0.159667 0.345837
0.087615 0.436346
0.127095 0.404686
0.122937 0.379158
-0.028227 0.749326
-0.016701 0.685137
-0.004269 0.716812
0.004297 0.618137
0.014185 0.652560
0.058467 0.495585
0.092446 0.464953
0.027724 0.551737
0.038446 0.588936
0.061458 0.521486
-0.039555 0.818453
-0.013987 0.781990
-0.073342 0.888784
-0.078013 0.932123
-0.040662 0.877772
-0.027134 0.842866
-0.055365 0.949552
-0.054874 1.000000
0.001129 1.000000
0.369920 0.102115
0.329404 0.123561
0.292152 0.180542
0.328367 0.159384
0.290513 0.211557
0.251471 0.234831
0.397736 0.122548
0.442809 0.102354
0.447994 0.074430
0.481848 0.056216
0.514898 0.072697
0.552798 0.000000
0.553528 0.048507
0.665885 -0.070249
0.627083 -0.047408
0.626923 0.000000
0.734091 -0.073132
0.699498 -0.052369
0.855195 -0.128752
0.809700 -0.105001
0.808301 -0.071111
0.772798 -0.049226
0.881647 -0.105769
0.930504 -0.120474
0.939024 -0.136799
1.000000 -0.138623
0.213770 0.292237
0.252059 0.267959
0.025997 0.787145
0.127886 0.482017
0.185582 0.352111
0.215739 0.328028
0.197890 0.396845
0.164770 0.451860
0.161775 0.425002
0.046551 0.758315
0.032926 0.724360
0.054456 0.665512
0.060258 0.691859
0.078215 0.638654
0.065565 0.598384
0.135198 0.518071
0.101832 0.544403
0.102725 0.570461
0.040075 0.823288
0.023070 0.847056
-0.002131 0.915474
-0.002612 0.930944
0.032025 0.881752
0.005424 0.940863
0.056931 0.948624
0.063235 1.000000
0.364765 0.182616
0.398354 0.161333
0.286433 0.290514
0.364119 0.215836
0.328037 0.240476
0.326731 0.262425
0.475367 0.141463
0.435091 0.180623
0.521001 0.117114
0.488623 0.142798
0.556960 0.128756
0.591453 0.099172
0.591068 0.072408
0.627083 0.047408
0.700403 0.000000
0.665885 0.070249
0.699498 0.052369
0.771890 0.000000
0.847719 -0.045784
0.878201 -0.065563
0.846020 -0.000000
0.951324 -0.069675
0.923880 -0.041389
1.000000 -0.065928
0.077800 0.825773
0.256601 0.346452
0.288362 0.320108
0.103886 0.789531
0.086832 0.762063
0.163833 0.529040
0.204072 0.476890
0.205197 0.494436
0.237667 0.447348
0.260822 0.381735
0.228942 0.407502
0.111575 0.712773
0.140509 0.598399
0.131227 0.667157
0.116884 0.643644
0.156400 0.595421
0.177264 0.564417
0.073664 0.895778
0.098607 0.864648
0.080079 0.925440
0.116533 0.939948
0.115964 1.000000
0.329511 0.342181
0.406589 0.242174
0.440736 0.207274
0.368795 0.300415
0.408544 0.260534
0.482106 0.224520
0.514149 0.196469
0.544464 0.200237
0.568172 0.166831
0.661701 0.117175
0.620051 0.172496
0.634521 0.128376
0.559572 0.227674
0.734091 0.073132
0.772798 0.049226
0.695461 0.136789
0.735918 0.108934
0.808301 0.071111
0.847719 0.045784
0.878201 0.065563
0.926531 -0.000000
0.923880 0.041389
1.000000 0.000000
0.130532 0.864936
0.130680 0.792819
0.150383 0.823921
0.333639 0.367407
0.298224 0.398137
0.163645 0.753765
0.160366 0.738304
0.239297 0.524595
0.218976 0.567195
0.275522 0.460248
0.260699 0.521498
0.283229 0.491248
0.304357 0.430886
0.193128 0.636171
0.191961 0.699984
0.176439 0.668017
0.219118 0.629621
0.233820 0.590464
0.152445 0.890916
0.147283 0.925571
0.174525 0.946436
0.171959 1.000000
0.366118 0.384980
0.411070 0.344543
0.407284 0.362156
0.487204 0.263154
0.449961 0.286596
0.448585 0.323362
0.521720 0.281185
0.540067 0.275064
0.633131 0.195900
0.607673 0.234047
0.665005 0.201262
0.700064 0.170060
0.583776 0.301868
0.620264 0.268942
0.809700 0.105001
0.775227 0.132732
0.776782 0.159161
0.740577 0.190420
0.744318 0.216888
0.855195 0.128752
0.881647 0.105769
0.930504 0.120474
0.951324 0.069675
1.000000 0.065928
0.198802 0.877162
0.202074 0.826917
0.201920 0.775275
0.347271 0.445875
0.369756 0.427837
0.222666 0.706466
0.238940 0.755025
0.281509 0.589252
0.293829 0.565154
0.349430 0.490063
0.327608 0.554566
0.330261 0.503679
0.255719 0.677295
0.254433 0.659622
0.295652 0.623696
0.222610 0.897115
0.222996 0.932717
0.230728 0.940263
0.228724 1.000000
0.410315 0.439553
0.440103 0.403657
0.472104 0.403622
0.487101 0.347249
0.510668 0.338827
0.481347 0.413126
0.546868 0.358381
0.586627 0.329749
0.653255 0.279951
0.688202 0.251551
0.705091 0.254095
0.661928 0.322648
0.620287 0.349601
0.733747 0.294904
0.785256 0.240847
0.784148 0.272519
0.855691 0.160429
0.816901 0.184751
0.815799 0.219219
0.885404 0.181753
0.926988 0.169101
0.939024 0.136799
1.000000 0.138623
0.269190 0.872134
0.255427 0.828060
0.270027 0.807499
0.252245 0.759650
0.422472 0.476461
0.385719 0.503079
0.293588 0.701045
0.293772 0.736039
0.352630 0.569561
0.322815 0.633867
0.355406 0.613223
0.393989 0.549250
0.329495 0.679369
0.287420 0.880661
0.294836 0.929941
0.281833 0.942257
0.286970 1.000000
0.447461 0.485716
0.474276 0.474028
0.551835 0.396282
0.529986 0.417249
0.541671 0.468627
0.508871 0.488628
0.594718 0.410041
0.624353 0.387654
0.690402 0.336881
0.729526 0.316697
0.660308 0.403542
0.693424 0.383224
0.763246 0.348433
0.807772 0.328335
0.810697 0.298075
0.857954 0.278031
0.863565 0.245612
0.881131 0.233841
0.928896 0.245623
0.953701 0.207337
1.000000 0.206604
0.323340 0.863116
0.326023 0.810747
0.321853 0.806192
0.326160 0.757085
0.452138 0.543172
0.416646 0.559813
0.360501 0.740751
0.359360 0.693367
0.421574 0.610857
0.391246 0.676387
0.389574 0.628877
0.356648 0.881533
0.354142 0.928649
0.339768 0.938178
0.338620 1.000000
0.479609 0.554555
0.512955 0.536408
0.568192 0.477125
0.600288 0.456710
0.577601 0.527088
0.541663 0.548449
0.632602 0.468887
0.664084 0.449345
0.759599 0.382050
0.727468 0.399671
0.727908 0.444478
0.697312 0.463273
0.794569 0.405268
0.835278 0.355509
0.828989 0.387969
0.887350 0.311885
0.875822 0.342894
0.927522 0.302876
0.941770 0.277041
1.000000 0.277197
0.386206 0.812145
0.386481 0.866452
0.391090 0.757319
0.392550 0.806086
0.452150 0.623545
0.484684 0.605153
0.425801 0.738145
0.423265 0.691310
0.456383 0.672828
0.418705 0.881377
0.419837 0.928320
0.396264 0.942575
0.396128 1.000000
0.549080 0.596465
0.514548 0.617108
0.605261 0.537684
0.638354 0.517445
0.576545 0.607206
0.612254 0.584746
0.669640 0.529532
0.701575 0.509504
0.733987 0.522879
0.765617 0.501339
0.792794 0.445743
0.766271 0.462675
0.829727 0.462555
0.907104 0.383470
0.870080 0.428792
0.869990 0.423352
0.927021 0.383833
0.954335 0.348220
1.000000 0.347661
0.445673 0.813821
0.449683 0.864083
0.458487 0.753732
0.462159 0.799102
0.521152 0.665914
0.492225 0.732595
0.487524 0.686191
0.480188 0.876930
0.483098 0.927153
0.454836 0.942244
0.455442 1.000000
0.550874 0.677426
0.586135 0.654678
0.644115 0.598074
0.675877 0.577437
0.613156 0.664493
0.648264 0.639520
0.740629 0.566898
0.707009 0.588736
0.767288 0.577810
0.809271 0.525475
0.809655 0.546924
0.837040 0.499878
0.877346 0.509827
0.904974 0.463700
0.929019 0.462682
0.953807 0.422693
1.000000 0.422228
0.509191 0.810502
0.513077 0.859320
0.529915 0.793442
0.525713 0.746866
0.559223 0.725537
0.540343 0.871823
0.544505 0.924871
0.513493 0.939666
0.515053 1.000000
0.586224 0.735391
0.625822 0.711192
0.643226 0.717866
0.715286 0.637587
0.688618 0.658714
0.689098 0.688641
0.752936 0.645927
0.779242 0.615532
0.842635 0.576798
0.820325 0.622998
0.869832 0.573561
0.890668 0.534939
0.932224 0.538264
0.956285 0.497396
1.000000 0.496913
0.575348 0.805669
0.579202 0.854002
0.597858 0.786959
0.603379 0.867650
0.598875 0.925319
0.572373 0.936308
0.572627 1.000000
0.634009 0.792496
0.659887 0.757689
0.721586 0.716661
0.699595 0.762290
0.747947 0.713073
0.766899 0.682018
0.813763 0.684212
0.833317 0.645247
0.897337 0.608321
0.874824 0.648529
0.929662 0.607024
0.951445 0.569985
1.000000 0.570861
0.651206 0.824433
0.636908 0.859080
0.664568 0.888539
0.652384 0.932030
0.633571 0.940321
0.628290 1.000000
0.715872 0.788525
0.698869 0.822375
0.775800 0.751294
0.756192 0.788569
0.812330 0.748358
0.830404 0.714622
0.872607 0.714981
0.892753 0.678276
0.931469 0.679336
0.953455 0.642075
1.000000 0.641605
0.718963 0.860499
0.706393 0.881417
0.725513 0.928316
0.692659 0.952551
0.695065 1.000000
0.776036 0.818507
0.758437 0.856912
0.835116 0.784281
0.816576 0.817143
0.891974 0.747895
0.872660 0.782579
0.931188 0.747685
0.951853 0.712936
1.000000 0.713156
0.780224 0.884582
0.758167 0.936075
0.753636 1.000000
0.837575 0.853913
0.819666 0.882217
0.874450 0.852969
0.894431 0.816892
0.931905 0.815954
0.952139 0.783680
1.000000 0.783361
0.840712 0.925271
0.815677 0.949991
0.821151 1.000000
0.894817 0.883548
0.871852 0.928306
0.933159 0.884334
0.953746 0.854914
1.000000 0.854682
0.883905 0.944340
0.874942 1.000000
0.952370 0.927137
0.936684 0.946779
1.000000 0.927362
0.945823 1.000000
1.000000 1.000000
6 1011 1013 1094 1095 1093 1012 
5 1516 1567 1570 1571 1517 
6 845 847 933 934 931 846 
6 1440 1439 1496 1503 1502 1444 
6 1847 1849 1883 1882 1880 1878 
6 545 546 554 642 643 547 
5 1818 1819 1854 1853 1817 
6 824 825 903 914 912 823 
7 1655 1657 1703 1705 1704 1701 1656 
5 1305 1366 1373 1372 1309 
6 911 913 1000 998 996 910 
5 1004 1006 1087 1086 1003 
6 646 647 652 743 744 649 
6 1898 1899 1902 1925 1924 1919 
5 1937 1938 1958 1957 1936 
5 538 634 635 631 539 
7 1759 1760 1761 1764 1800 1799 1786 
6 450 449 460 546 545 451 
6 1857 1861 1889 1890 1887 1858 
5 194 240 242 243 195 
6 1948 1950 1967 1968 1965 1949 
7 1619 1621 1666 1668 1623 1622 1620 
6 1491 1492 1546 1548 1547 1495 
5 1328 1390 1395 1396 1329 
5 1388 1438 1451 1450 1387 
6 243 242 297 299 300 244 
6 1583 1585 1637 1636 1635 1633 
6 1578 1577 1629 1630 1627 1600 
5 295 361 362 353 296 
7 1928 1927 1930 1951 1950 1948 1929 
6 1574 1573 1579 1626 1625 1576 
5 1716 1718 1760 1759 1744 
6 1365 1371 1433 1432 1373 1366 
6 529 530 624 626 544 541 
6 2003 2005 2010 2011 2008 2004 
6 1902 1903 1928 1929 1926 1925 
5 1169 1243 1245 1244 1178 
6 454 455 540 549 550 457 
6 1985 1987 1998 1997 1996 1986 
6 1765 1766 1771 1806 1805 1801 
6 1953 1955 1972 1971 1970 1952 
6 1649 1652 1695 1696 1694 1667 
5 381 464 465 467 382 
6 831 909 919 920 918 830 
5 1645 1691 1692 1690 1689 
6 1017 1019 1100 1101 1023 1018 
6 1602 1606 1655 1656 1654 1614 
6 542 541 544 639 638 543 
6 351 352 432 434 433 364 
5 937 1018 1023 1024 938 
6 1629 1628 1672 1675 1674 1630 
6 562 644 658 659 565 563 
6 1743 1744 1759 1786 1787 1749 
5 1467 1525 1526 1524 1519 
7 1386 1385 1387 1450 1449 1393 1384 
6 1787 1786 1799 1824 1825 1793 
6 1634 1633 1635 1679 1678 1677 
7 1162 1163 1164 1237 1236 1165 1161 
6 827 830 918 916 829 828 
5 1913 1914 1938 1937 1912 
6 1314 1313 1379 1382 1383 1315 
6 1501 1504 1557 1558 1555 1500 
6 1996 1997 2006 2005 2003 1995 
6 1688 1689 1690 1736 1735 1730 
6 1074 1077 1157 1156 1158 1075 
5 1662 1709 1708 1700 1660 
6 1967 1969 1983 1984 1981 1968 
6 1659 1658 1698 1706 1703 1657 
6 822 823 912 913 911 821 
6 935 1007 1021 1022 1020 936 
5 1741 1783 1782 1755 1740 
5 361 443 444 436 362 
5 1711 1747 1754 1753 1710 
6 1179 1181 1253 1254 1185 1180 
6 1377 1376 1378 1445 1443 1380 
6 1256 1257 1324 1325 1322 1255 
6 1813 1814 1850 1851 1848 1812 
6 1236 1237 1238 1306 1307 1241 
6 1546 1545 1578 1600 1599 1548 
6 747 748 837 840 839 833 
5 1866 1865 1896 1897 1867 
6 1490 1489 1523 1545 1546 1492 
6 1430 1431 1490 1492 1491 1434 
6 371 372 448 455 454 373 
7 465 558 561 560 556 466 467 
5 1627 1630 1674 1671 1651 
5 193 239 241 240 194 
6 1524 1526 1581 1580 1579 1573 
5 1654 1656 1701 1702 1665 
6 1722 1723 1728 1766 1765 1763 
6 559 564 655 656 561 558 
6 1321 1320 1374 1388 1387 1385 
6 1315 1383 1381 1374 1320 1312 
6 1089 1161 1165 1168 1166 1088 
6 1080 1083 1162 1161 1089 1081 
6 1650 1651 1671 1697 1698 1658 
6 1911 1912 1937 1936 1935 1910 
6 1248 1250 1316 1319 1317 1249 
5 745 746 838 837 748 
6 1984 1983 1986 1996 1995 1993 
6 1103 1105 1182 1181 1179 1102 
5 1642 1645 1689 1688 1685 
7 555 553 648 651 650 642 554 
6 730 732 824 823 822 729 
6 1235 1233 1302 1304 1297 1234 
6 1400 1401 1461 1464 1463 1428 
6 1879 1878 1880 1909 1907 1877 
7 1298 1299 1362 1364 1368 1367 1300 
7 1086 1087 1088 1166 1167 1098 1085 
5 1525 1529 1582 1581 1526 
6 384 469 470 471 463 385 
6 1301 1300 1367 1369 1370 1303 
6 1981 1984 1993 1994 1990 1982 
6 1226 1234 1297 1296 1239 1227 
6 532 539 631 630 629 533 
6 1553 1550 1603 1605 1607 1552 
6 929 930 1014 1013 1011 928 
5 1635 1636 1682 1681 1679 
6 1855 1858 1887 1888 1864 1856 
5 1460 1467 1519 1518 1462 
6 653 657 751 752 662 654 
6 1603 1604 1650 1658 1659 1605 
6 749 750 826 842 841 836 
5 247 303 304 305 248 
7 1615 1614 1654 1665 1664 1661 1616 
7 1682 1680 1686 1727 1726 1724 1681 
5 1334 1399 1401 1400 1363 
6 1924 1925 1926 1947 1946 1941 
6 1104 1170 1183 1184 1182 1105 
5 308 307 377 376 309 
6 1862 1863 1893 1892 1889 1861 
7 1676 1677 1678 1683 1723 1722 1719 
7 1666 1667 1694 1712 1713 1669 1668 
5 634 731 732 730 635 
5 1002 1016 1015 1014 930 
6 818 820 908 909 831 817 
6 1297 1304 1365 1366 1305 1296 
6 1942 1960 1961 1962 1963 1943 
6 1844 1843 1847 1878 1879 1845 
6 1435 1434 1491 1495 1494 1436 
6 240 241 287 298 297 242 
7 838 836 841 925 926 840 837 
7 908 910 996 997 995 919 909 
6 1001 1003 1086 1085 1016 1002 
6 1324 1326 1391 1392 1389 1325 
6 992 994 1078 1077 1074 991 
5 1316 1321 1385 1386 1319 
6 1874 1875 1876 1904 1905 1901 
5 1378 1375 1440 1444 1445 
6 297 298 351 364 363 299 
5 1368 1364 1429 1431 1430 
6 1601 1608 1653 1652 1649 1617 
5 369 452 453 383 370 
6 1920 1940 1942 1943 1944 1921 
6 1864 1888 1894 1895 1896 1865 
5 1623 1668 1669 1670 1624 
6 1837 1838 1841 1871 1870 1839 
6 1008 1010 1090 1091 1021 1007 
7 452 451 545 547 548 468 453 
6 1020 1022 1103 1102 1100 1019 
6 1253 1255 1322 1323 1259 1254 
5 566 654 662 663 567 
6 842 915 929 928 925 841 
6 1157 1160 1231 1233 1235 1156 
7 1815 1816 1817 1853 1852 1850 1814 
6 1082 1084 1150 1163 1162 1083 
6 1825 1824 1835 1860 1859 1828 
6 1437 1493 1498 1497 1496 1439 
6 1566 1568 1619 1620 1570 1567 
6 1726 1727 1733 1734 1769 1768 
5 736 828 829 826 750 
6 1098 1167 1169 1178 1176 1099 
5 1979 1978 1991 1992 1980 
7 1783 1784 1822 1821 1820 1795 1782 
6 636 637 734 733 652 647 
6 1454 1457 1515 1513 1511 1455 
5 1456 1510 1514 1515 1457 
6 1505 1508 1561 1562 1557 1504 
7 926 925 928 1011 1012 1009 927 
6 1811 1812 1848 1849 1847 1843 
6 1950 1951 1952 1970 1969 1967 
6 1521 1520 1574 1576 1575 1522 
6 1076 1075 1158 1159 1150 1084 
6 933 936 1020 1019 1017 934 
6 754 756 845 846 843 753 
5 195 243 244 245 246 
6 1182 1184 1256 1255 1253 1181 
7 1762 1763 1765 1801 1802 1764 1761 
5 1714 1756 1757 1758 1715 
6 1791 1792 1830 1829 1827 1794 
7 728 729 822 821 819 727 726 
6 1684 1685 1688 1730 1731 1687 
6 1463 1464 1521 1522 1523 1489 
6 1154 1155 1229 1232 1231 1160 
6 1753 1754 1791 1794 1788 1752 
5 1185 1254 1259 1260 1186 
7 1755 1782 1795 1796 1797 1757 1756 
6 379 378 458 461 460 449 
6 990 991 1074 1075 1076 999 
6 1672 1673 1676 1719 1720 1675 
6 365 366 446 447 448 372 
6 1969 1970 1971 1985 1986 1983 
6 631 635 730 729 728 630 
6 1610 1612 1663 1662 1660 1611 
6 1561 1563 1615 1616 1613 1562 
6 353 362 436 435 432 352 
5 1458 1512 1516 1517 1459 
6 919 995 1005 1006 1004 920 
5 1669 1713 1714 1715 1670 
6 658 741 755 757 661 659 
5 544 626 640 641 639 
6 1799 1800 1804 1836 1835 1824 
7 624 625 627 723 724 640 626 
6 1438 1441 1501 1500 1499 1451 
6 531 533 629 628 627 625 
6 1731 1730 1735 1775 1776 1732 
6 552 551 646 649 648 553 
5 2005 2006 2007 2012 2010 
6 1841 1842 1846 1875 1874 1871 
5 382 467 466 462 386 
5 1259 1323 1328 1329 1260 
6 1231 1232 1301 1303 1302 1233 
5 662 752 758 759 663 
6 1183 1246 1258 1257 1256 1184 
6 1367 1368 1430 1434 1435 1369 
6 1494 1495 1547 1549 1498 1493 
5 1023 1101 1106 1107 1024 
6 1805 1806 1809 1842 1841 1838 
6 1383 1382 1447 1448 1442 1381 
6 1565 1601 1617 1618 1569 1564 
5 2011 2010 2012 2014 2013 
5 1797 1796 1833 1834 1798 
5 1880 1882 1911 1910 1909 
7 1166 1168 1240 1242 1243 1169 1167 
7 1239 1296 1305 1309 1308 1306 1238 
6 1751 1749 1787 1793 1790 1750 
5 1609 1611 1660 1653 1608 
6 1244 1245 1314 1315 1312 1252 
6 1555 1558 1610 1611 1609 1556 
6 751 753 843 844 758 752 
6 1772 1774 1813 1812 1811 1808 
5 1926 1929 1948 1949 1947 
7 1373 1432 1437 1439 1440 1375 1372 
6 433 434 527 530 529 445 
6 1712 1740 1755 1756 1714 1713 
6 548 547 643 645 644 562 
6 1733 1732 1776 1777 1773 1734 
6 1100 1102 1179 1180 1106 1101 
6 1499 1500 1555 1556 1554 1509 
5 561 656 657 653 560 
5 453 468 469 384 383 
5 1073 1153 1155 1154 1079 
6 1618 1617 1649 1667 1666 1621 
6 1374 1381 1442 1441 1438 1388 
6 456 457 550 551 552 459 
5 1395 1453 1458 1459 1396 
6 723 725 818 817 738 724 
6 921 923 1008 1007 935 922 
5 1957 1958 1975 1974 1956 
5 1695 1699 1742 1741 1696 
6 1900 1901 1905 1927 1928 1903 
5 906 993 994 992 907 
6 470 563 565 564 559 471 
5 1944 1943 1963 1964 1945 
6 1093 1095 1173 1172 1171 1092 
6 1322 1325 1389 1390 1328 1323 
6 1327 1384 1393 1394 1391 1326 
6 1893 1891 1898 1919 1918 1892 
5 307 306 374 375 377 
4 1757 1797 1798 1758 
7 1735 1736 1737 1780 1779 1778 1775 
6 1575 1576 1625 1628 1629 1577 
6 1393 1449 1456 1457 1454 1394 
6 1807 1808 1811 1843 1844 1810 
6 1370 1369 1435 1436 1433 1371 
5 248 305 306 307 308 
6 1078 1079 1154 1160 1157 1077 
6 739 740 747 833 834 742 
5 1848 1851 1881 1883 1849 
5 1683 1725 1729 1728 1723 
6 1894 1916 1920 1921 1922 1895 
5 1579 1580 1631 1632 1626 
6 1461 1462 1518 1520 1521 1464 
6 1171 1172 1247 1246 1183 1170 
5 309 376 378 379 367 
6 1660 1700 1699 1695 1652 1653 
5 1295 1334 1363 1362 1299 
4 1622 1623 1624 1572 
6 648 649 744 746 745 651 
6 1000 999 1076 1084 1082 998 
5 472 557 566 567 473 
6 1559 1560 1602 1614 1615 1563 
6 1632 1631 1634 1677 1676 1673 
6 458 459 552 553 555 461 
6 1502 1503 1551 1560 1559 1506 
6 1518 1519 1524 1573 1574 1520 
7 377 375 456 459 458 378 376 
6 1306 1308 1376 1377 1311 1307 
5 1896 1895 1922 1923 1897 
6 1310 1311 1377 1380 1379 1313 
6 1889 1892 1918 1917 1915 1890 
5 1529 1584 1585 1583 1582 
5 437 532 533 531 528 
6 1671 1674 1717 1718 1716 1697 
5 246 245 302 303 247 
5 1884 1885 1886 1914 1913 
6 550 549 636 647 646 551 
6 527 528 531 625 624 530 
5 368 450 451 452 369 
6 1966 1965 1968 1981 1982 1976 
7 1549 1547 1548 1599 1604 1603 1550 
5 1764 1802 1803 1804 1800 
6 1557 1562 1613 1612 1610 1558 
7 1445 1444 1502 1506 1507 1446 1443 
7 303 302 301 365 372 371 304 
6 1788 1794 1827 1826 1823 1789 
6 1930 1931 1933 1953 1952 1951 
6 1831 1856 1864 1865 1866 1832 
6 996 998 1082 1083 1080 997 
6 1433 1436 1494 1493 1437 1432 
5 1639 1642 1685 1684 1641 
6 1247 1249 1317 1318 1258 1246 
7 1907 1909 1910 1935 1934 1932 1908 
6 448 447 542 543 540 455 
5 380 385 463 464 381 
6 1379 1380 1443 1446 1447 1382 
5 1738 1739 1781 1780 1737 
6 1851 1850 1852 1885 1884 1881 
5 1821 1855 1856 1831 1820 
6 1840 1839 1870 1873 1872 1868 
6 738 817 831 830 827 737 
5 629 630 728 726 628 
6 1718 1717 1721 1762 1761 1760 
6 1302 1303 1370 1371 1365 1304 
7 1251 1252 1312 1320 1321 1316 1250 
6 903 907 992 991 990 914 
6 1804 1803 1837 1839 1840 1836 
6 1830 1828 1859 1863 1862 1829 
6 1496 1497 1553 1552 1551 1503 
5 245 244 300 301 302 
4 2008 2011 2013 2009 
5 1164 1227 1239 1238 1237 
5 1987 1988 1989 1999 1998 
5 1696 1741 1740 1712 1694 
6 1625 1626 1632 1673 1672 1628 
6 1523 1522 1575 1577 1578 1545 
6 1599 1600 1627 1651 1650 1604 
6 642 650 740 739 645 643 
6 931 934 1017 1018 937 932 
6 1887 1890 1915 1916 1894 1888 
6 1846 1845 1879 1877 1876 1875 
7 735 737 827 828 736 733 734 
5 460 461 555 554 546 
7 1747 1748 1750 1790 1792 1791 1754 
7 1767 1768 1769 1772 1808 1807 1770 
5 1690 1692 1738 1737 1736 
5 1584 1588 1638 1637 1585 
6 1773 1777 1815 1814 1813 1774 
6 1720 1719 1722 1763 1762 1721 
6 1835 1836 1840 1868 1869 1860 
6 1915 1917 1939 1940 1920 1916 
5 1399 1460 1462 1461 1401 
5 443 538 539 532 444 
5 1106 1180 1185 1186 1107 
6 1447 1446 1507 1508 1505 1448 
6 540 543 638 637 636 549 
5 1613 1616 1661 1663 1612 
6 1607 1605 1659 1657 1655 1606 
7 834 833 839 924 923 921 835 
6 556 560 653 654 566 557 
6 917 1001 1002 930 929 915 
6 1317 1319 1386 1384 1327 1318 
7 757 755 832 848 847 845 756 
5 1779 1780 1781 1819 1818 
6 829 916 917 915 842 826 
6 1994 1993 1995 2003 2004 2000 
5 1570 1620 1622 1572 1571 
6 1701 1704 1748 1747 1711 1702 
5 386 462 472 473 387 
6 1507 1506 1559 1563 1561 1508 
6 1771 1770 1807 1810 1809 1806 
6 1954 1956 1974 1973 1972 1955 
6 1014 1015 1096 1097 1094 1013 
6 1728 1729 1767 1770 1771 1766 
6 645 739 742 741 658 644 
5 370 383 384 385 380 
5 1674 1675 1720 1721 1717 
5 1691 1693 1739 1738 1692 
6 1551 1552 1607 1606 1602 1560 
6 1686 1687 1731 1732 1733 1727 
7 918 920 1004 1003 1001 917 916 
6 1790 1793 1825 1828 1830 1792 
6 1708 1745 1746 1742 1699 1700 
5 995 997 1080 1081 1005 
6 1016 1085 1098 1099 1096 1015 
6 744 743 749 836 838 746 
6 363 364 433 445 446 366 
5 1852 1853 1854 1886 1885 
6 2001 2000 2004 2008 2009 2002 
5 758 844 849 850 759 
6 1776 1775 1778 1816 1815 1777 
5 1588 1639 1641 1640 1638 
6 1809 1810 1844 1845 1846 1842 
6 1640 1641 1684 1687 1686 1680 
6 1389 1392 1452 1453 1395 1390 
5 466 556 557 472 462 
5 1833 1832 1866 1867 1834 
7 1581 1582 1583 1633 1634 1631 1580 
6 1258 1318 1327 1326 1324 1257 
6 1009 1012 1093 1092 1090 1010 
5 661 757 756 754 660 
5 1153 1228 1230 1229 1155 
7 1450 1451 1499 1509 1510 1456 1449 
6 300 299 363 366 365 301 
5 835 921 922 848 832 
6 819 821 911 910 908 820 
6 1391 1394 1454 1455 1452 1392 
5 239 295 296 287 241 
6 1442 1448 1505 1504 1501 1441 
6 1308 1309 1372 1375 1378 1376 
5 436 444 532 437 435 
6 1150 1159 1226 1227 1164 1163 
6 432 435 437 528 527 434 
6 1090 1092 1171 1170 1104 1091 
6 1698 1697 1716 1744 1743 1706 
6 912 914 990 999 1000 913 
6 1243 1242 1310 1313 1314 1245 
5 1785 1789 1823 1822 1784 
6 640 724 738 737 735 641 
6 741 742 834 835 832 755 
6 1021 1091 1104 1105 1103 1022 
5 849 932 937 938 850 
6 1869 1868 1872 1899 1898 1891 
5 731 816 825 824 732 
6 1876 1877 1907 1908 1906 1904 
7 1709 1707 1710 1753 1752 1745 1708 
5 1704 1705 1751 1750 1748 
6 1511 1513 1566 1567 1516 1512 
6 1637 1638 1640 1680 1682 1636 
6 843 846 931 932 849 844 
5 1778 1779 1818 1817 1816 
5 1961 1977 1978 1979 1962 
6 1096 1099 1176 1177 1175 1097 
5 816 906 907 903 825 
6 446 445 529 541 542 447 
6 1554 1556 1609 1608 1601 1565 
6 1725 1724 1726 1768 1767 1729 
5 1922 1921 1944 1945 1923 
5 1498 1549 1550 1553 1497 
6 650 651 745 748 747 740 
5 993 1073 1079 1078 994 
6 733 736 750 749 743 652 
6 287 296 353 352 351 298 
4 1991 2001 2002 1992 
6 1429 1428 1463 1489 1490 1431 
6 1452 1455 1511 1512 1458 1453 
6 1905 1904 1906 1931 1930 1927 
6 1510 1509 1554 1565 1564 1514 
6 1932 1934 1954 1955 1953 1933 
6 1661 1664 1707 1709 1662 1663 
6 1795 1820 1831 1832 1833 1796 
5 840 926 927 924 839 
6 1664 1665 1702 1711 1710 1707 
6 848 922 935 936 933 847 
7 1823 1826 1857 1858 1855 1821 1822 
6 1703 1706 1743 1749 1751 1705 
6 1859 1860 1869 1891 1893 1863 
6 1176 1178 1244 1252 1251 1177 
5 1906 1908 1932 1933 1931 
5 1974 1975 1989 1988 1973 
7 1939 1941 1946 1959 1960 1942 1940 
6 1362 1363 1400 1428 1429 1364 
6 1872 1873 1900 1903 1902 1899 
6 1742 1746 1785 1784 1783 1741 
6 1802 1801 1805 1838 1837 1803 
6 1679 1681 1724 1725 1683 1678 
6 1959 1966 1976 1977 1961 1960 
7 1515 1514 1564 1569 1568 1566 1513 
5 1769 1734 1773 1774 1772 
6 1094 1097 1175 1174 1173 1095 
6 924 927 1009 1010 1008 923 
6 1229 1230 1298 1300 1301 1232 
6 1918 1919 1924 1941 1939 1917 
7 1883 1881 1884 1913 1912 1911 1882 
6 1173 1174 1248 1249 1247 1172 
6 638 639 641 735 734 637 
7 656 655 660 754 753 751 657 
6 628 726 727 725 723 627 
5 1990 1994 2000 2001 1991 
6 305 304 371 373 374 306 
6 468 548 562 563 470 469 
6 1947 1949 1965 1966 1959 1946 
6 1977 1976 1982 1990 1991 1978 
6 1175 1177 1251 1250 1248 1174 
6 1006 1005 1081 1089 1088 1087 
6 1745 1752 1788 1789 1785 1746 
5 1165 1236 1241 1240 1168 
6 1870 1871 1874 1901 1900 1873 
6 1827 1829 1862 1861 1857 1826 
5 1963 1962 1979 1980 1964 
6 1972 1973 1988 1987 1985 1971 
6 1935 1936 1957 1956 1954 1934 
5 727 819 820 818 725 
5 1997 1998 1999 2007 2006 
5 1228 1295 1299 1298 1230 
5 367 379 449 450 368 
6 1240 1241 1307 1311 1310 1242 
6 1158 1156 1235 1234 1226 1159 
6 463 471 559 558 465 464 
6 565 659 661 660 655 564 
5 1569 1618 1621 1619 1568 
6 374 373 454 457 456 375 
6 269 270 311 335 334 273 
5 211 267 266 265 252 
6 63 64 86 93 92 65 
6 863 862 949 951 950 940 
6 1216 1218 1289 1290 1288 1287 
6 74 91 103 104 76 75 
5 1486 1487 1488 1544 1543 
6 720 719 812 814 815 721 
7 954 953 955 1037 1039 1040 956 
5 857 939 944 945 943 
6 618 619 715 717 718 621 
5 421 515 516 517 425 
6 177 178 224 223 222 176 
6 880 881 882 969 968 966 
5 1221 1222 1223 1294 1293 
5 537 536 633 634 538 
7 1128 1129 1131 1208 1207 1205 1130 
6 53 75 76 77 72 54 
6 777 778 788 869 870 786 
5 151 150 190 191 192 
6 795 794 797 887 886 884 
7 328 329 330 407 406 332 327 
6 1118 1117 1194 1195 1196 1188 
5 154 155 200 199 161 
5 404 403 482 489 488 
6 149 148 188 189 190 150 
6 1474 1475 1531 1532 1533 1527 
6 1201 1202 1273 1275 1274 1267 
5 294 293 359 361 295 
7 885 884 886 973 974 972 970 
6 1344 1343 1408 1411 1410 1402 
5 1127 1130 1205 1206 1198 
6 945 944 1025 1030 1029 1027 
6 281 283 347 346 288 282 
6 706 707 708 803 802 801 
6 882 883 885 970 971 969 
5 476 484 568 570 571 
6 146 174 185 184 183 145 
6 890 891 892 980 979 977 
6 1276 1277 1283 1345 1346 1280 
6 976 975 978 1062 1063 1060 
6 409 495 497 496 492 410 
5 9 15 20 21 10 
6 423 422 424 519 520 426 
5 1643 1644 1647 1691 1645 
6 80 81 83 115 114 87 
6 867 868 954 956 957 947 
6 228 230 284 283 281 229 
6 233 234 289 292 291 235 
5 55 56 81 80 58 
6 1273 1272 1340 1342 1341 1275 
6 60 59 68 89 88 62 
6 1048 1047 1128 1130 1127 1119 
5 1466 1465 1472 1525 1467 
7 324 325 394 403 404 401 326 
6 1046 1045 1049 1129 1128 1047 
6 1412 1415 1473 1475 1474 1468 
7 711 712 763 805 807 806 713 
6 340 341 343 422 423 344 
5 1292 1293 1294 1361 1360 
6 579 580 675 676 664 578 
6 575 574 670 671 672 576 
6 800 801 802 893 892 891 
6 1592 1591 1595 1644 1643 1593 
6 899 900 985 986 987 902 
5 586 587 685 684 678 
6 797 796 799 889 888 887 
6 1040 1039 1120 1121 1122 1042 
6 620 621 718 719 720 622 
6 123 124 152 165 164 129 
5 502 501 592 593 589 
5 359 360 442 443 361 
5 782 783 875 874 865 
6 116 117 121 157 158 119 
6 760 772 851 853 852 761 
6 163 162 208 209 210 206 
6 1355 1356 1358 1423 1424 1421 
6 765 764 855 856 805 763 
6 1194 1193 1201 1267 1268 1195 
6 166 172 215 216 168 167 
5 505 506 597 596 585 
6 1196 1195 1268 1270 1269 1261 
6 1187 1188 1196 1261 1262 1189 
6 144 145 183 182 180 143 
7 15 16 14 17 30 29 20 
5 1200 1199 1272 1273 1202 
5 192 191 238 239 193 
6 1410 1411 1469 1471 1472 1465 
5 864 866 953 954 868 
6 1281 1280 1346 1350 1349 1347 
6 29 30 31 45 48 37 
6 401 404 488 487 485 402 
6 486 485 487 582 580 579 
6 613 612 667 712 711 614 
6 615 614 711 713 714 617 
6 1122 1121 1197 1199 1200 1124 
6 1220 1219 1221 1293 1292 1291 
6 321 322 323 400 398 320 
5 168 216 214 179 169 
6 798 800 891 890 889 799 
6 118 119 158 159 156 153 
5 1594 1593 1643 1645 1642 
7 104 103 127 139 138 136 105 
6 623 622 720 721 722 632 
6 983 982 1028 1068 1067 984 
6 1331 1330 1338 1397 1398 1332 
6 1139 1140 1217 1218 1216 1214 
7 1191 1190 1192 1263 1265 1266 1224 
7 513 514 569 612 613 516 515 
5 1472 1471 1528 1529 1525 
6 23 22 38 39 40 32 
6 1110 1111 1112 1190 1191 1149 
6 702 703 704 798 799 796 
6 896 895 942 982 983 897 
6 440 439 535 536 537 441 
6 1031 1032 1041 1114 1115 1034 
6 274 273 334 338 339 337 
5 1473 1478 1530 1531 1475 
6 682 681 693 778 777 691 
5 1405 1404 1466 1467 1460 
6 12 13 25 27 28 18 
6 1041 1042 1122 1124 1123 1114 
6 220 272 276 277 275 225 
5 106 108 140 141 107 
7 776 775 774 864 868 867 858 
7 1478 1476 1477 1481 1534 1535 1530 
5 1333 1332 1398 1399 1334 
6 792 791 793 883 882 881 
6 156 159 205 204 203 197 
5 71 99 100 79 78 
6 870 869 879 959 958 877 
7 1348 1347 1349 1416 1415 1412 1406 
7 407 408 413 494 495 409 406 
5 633 632 722 731 634 
5 339 338 417 420 419 
6 427 426 520 522 523 431 
6 942 943 945 1027 1028 982 
6 601 604 602 605 697 698 
6 1215 1214 1216 1287 1286 1284 
6 1109 1108 1118 1188 1187 1113 
6 190 189 236 237 238 191 
7 216 215 217 271 272 220 214 
7 520 519 521 616 619 618 522 
6 419 420 513 515 421 418 
6 208 207 253 262 261 209 
6 901 902 987 988 989 904 
5 323 326 401 402 400 
6 1056 1055 1057 1138 1137 1135 
5 851 863 940 941 853 
6 188 187 233 235 236 189 
5 1189 1262 1264 1263 1192 
6 405 410 492 493 491 477 
5 34 33 52 51 35 
6 600 603 601 698 696 695 
6 596 597 598 692 693 681 
5 331 333 408 407 330 
6 1133 1134 1136 1210 1211 1203 
6 164 165 196 212 213 171 
7 52 50 61 74 75 53 51 
6 114 115 118 153 152 124 
6 121 122 160 162 163 157 
5 3 11 13 12 8 
6 272 271 274 337 336 276 
6 985 984 1067 1070 1069 986 
7 1424 1423 1425 1487 1486 1485 1483 
6 714 713 806 808 809 716 
6 964 965 1043 1050 1049 1045 
6 950 951 1033 1036 1035 1026 
6 265 266 328 327 314 312 
6 1419 1420 1480 1482 1481 1477 
5 275 277 341 340 280 
6 475 474 476 571 569 514 
5 511 512 608 607 510 
7 592 591 594 690 689 683 593 
6 222 223 278 279 231 221 
6 256 255 313 315 318 316 
5 318 315 393 395 396 
6 672 671 766 769 768 674 
7 219 218 269 273 274 271 217 
6 1286 1287 1288 1356 1355 1354 
6 887 888 975 976 973 886 
6 1336 1335 1344 1402 1403 1337 
6 809 808 898 900 899 810 
6 86 87 114 124 123 93 
6 43 44 63 65 66 46 
5 113 112 149 150 151 
6 158 157 163 206 205 159 
7 1207 1208 1209 1276 1280 1281 1278 
5 411 412 500 498 414 
6 872 871 876 961 960 873 
7 524 525 526 620 622 623 534 
6 1538 1539 1592 1593 1594 1589 
6 1269 1270 1336 1337 1338 1330 
6 1069 1070 1148 1151 1152 1071 
6 781 784 872 873 875 783 
5 85 120 122 121 117 
7 498 500 499 503 591 592 501 
6 72 77 102 101 98 73 
6 811 810 899 902 901 813 
6 1340 1339 1348 1406 1407 1342 
6 180 182 227 226 186 181 
6 889 890 977 978 975 888 
6 535 534 623 632 633 536 
6 583 586 678 679 680 669 
6 766 767 776 858 859 769 
6 291 292 357 360 359 293 
5 198 211 252 251 202 
6 424 425 517 518 521 519 
5 333 411 414 413 408 
6 68 69 67 94 97 89 
5 284 286 348 347 283 
6 1049 1050 1126 1132 1131 1129 
7 347 348 349 429 428 354 346 
6 482 481 575 576 577 489 
6 354 428 438 439 440 356 
6 1536 1537 1540 1591 1592 1539 
6 136 138 177 176 175 137 
5 803 804 894 893 802 
6 1136 1135 1137 1212 1213 1210 
5 6 4 16 15 9 
5 120 154 161 160 122 
6 1067 1068 1110 1149 1148 1070 
5 11 24 26 25 13 
6 205 206 210 260 258 204 
6 1112 1113 1187 1189 1192 1190 
6 1035 1036 1116 1117 1118 1108 
5 56 82 84 83 81 
6 1211 1210 1213 1282 1283 1277 
6 582 581 673 677 675 580 
6 392 390 391 405 477 478 
5 709 710 804 803 708 
5 415 490 504 503 499 
5 1217 1220 1291 1289 1218 
7 569 571 570 665 668 667 612 
7 856 855 854 857 943 942 895 
6 963 962 1046 1047 1048 1038 
5 491 493 586 583 573 
6 483 486 579 578 568 484 
6 572 573 583 669 670 574 
6 25 26 41 44 43 27 
6 1353 1354 1355 1421 1422 1418 
5 793 795 884 885 883 
7 939 941 940 950 1026 1025 944 
6 232 282 288 290 289 234 
6 413 414 498 501 502 494 
6 62 88 90 91 74 61 
6 1480 1479 1484 1537 1536 1482 
6 83 84 116 119 118 115 
6 479 480 572 574 575 481 
5 17 18 28 31 30 
5 33 32 40 50 52 
5 1072 1071 1152 1153 1073 
6 332 406 409 410 405 391 
6 488 489 577 581 582 487 
6 134 137 175 174 146 135 
5 155 198 202 201 200 
6 349 350 427 431 430 429 
6 130 129 164 171 170 132 
5 1145 1146 1147 1223 1222 
5 497 589 590 588 496 
6 971 970 972 1055 1056 1054 
5 905 904 989 993 906 
6 38 37 48 59 60 39 
5 508 509 604 601 603 
6 250 249 257 310 311 270 
6 160 161 199 207 208 162 
6 261 262 317 325 324 264 
6 879 878 880 966 967 959 
5 100 110 111 109 79 
4 412 415 499 500 
7 1540 1541 1542 1597 1596 1595 1591 
6 1274 1275 1341 1343 1344 1335 
6 317 316 318 396 394 325 
6 1285 1284 1286 1354 1353 1351 
6 1029 1030 1109 1113 1112 1111 
5 78 79 109 108 106 
6 987 986 1069 1071 1072 988 
6 125 131 166 167 128 126 
5 1288 1290 1357 1358 1356 
5 1349 1350 1414 1417 1416 
6 598 599 600 695 694 692 
5 1408 1409 1470 1469 1411 
6 1338 1337 1403 1404 1405 1397 
6 203 204 258 259 257 249 
5 70 73 98 99 71 
6 493 492 496 588 587 586 
5 1266 1265 1333 1334 1295 
4 268 331 330 329 
6 139 169 179 178 177 138 
6 715 716 809 810 811 717 
5 2 3 8 7 5 
6 859 858 867 947 946 861 
6 1407 1406 1412 1468 1470 1409 
6 102 105 136 137 134 101 
6 860 861 946 948 949 862 
6 1403 1402 1410 1465 1466 1404 
7 99 98 101 134 135 110 100 
6 764 762 761 852 854 855 
5 506 507 599 598 597 
6 664 676 760 761 762 666 
6 788 787 790 878 879 869 
5 1528 1527 1533 1584 1529 
5 355 356 440 441 358 
6 1197 1198 1206 1271 1272 1199 
5 107 141 142 112 113 
5 1360 1361 1427 1426 1359 
6 175 176 222 221 185 174 
6 288 346 354 356 355 290 
5 35 51 53 54 49 
6 701 702 796 797 794 700 
7 1115 1114 1123 1193 1194 1117 1116 
5 1131 1132 1204 1209 1208 
6 670 669 680 767 766 671 
7 772 770 771 860 862 863 851 
7 140 143 180 181 147 142 141 
6 780 779 785 871 872 784 
6 973 976 1060 1061 1059 974 
6 584 585 596 681 682 595 
6 616 617 714 716 715 619 
6 1025 1026 1035 1108 1109 1030 
5 1590 1589 1594 1642 1639 
6 258 260 263 322 321 259 
7 1142 1141 1143 1219 1220 1217 1140 
6 183 184 228 229 227 182 
5 10 21 22 23 19 
6 675 677 770 772 760 676 
5 1596 1597 1598 1648 1646 
6 1357 1359 1426 1425 1423 1358 
5 594 595 682 691 690 
6 1051 1052 1053 1134 1133 1125 
6 345 344 423 426 427 350 
5 438 524 534 535 439 
6 1205 1207 1278 1279 1271 1206 
6 1028 1027 1029 1111 1110 1068 
7 398 400 402 485 486 483 399 
6 812 813 901 904 905 814 
6 1126 1125 1133 1203 1204 1132 
6 876 877 958 965 964 961 
6 949 948 1031 1034 1033 951 
5 142 147 148 149 112 
4 611 709 708 707 
5 805 856 895 896 807 
5 980 981 1066 1065 979 
5 495 494 502 589 497 
6 1341 1342 1407 1409 1408 1343 
6 1268 1267 1274 1335 1336 1270 
6 1123 1124 1200 1202 1201 1193 
6 91 90 126 128 127 103 
6 57 58 80 87 86 64 
6 693 692 694 787 788 778 
6 1137 1138 1139 1214 1215 1212 
7 279 278 280 340 344 345 285 
5 76 104 105 102 77 
7 875 873 960 962 963 952 874 
7 1352 1351 1353 1418 1420 1419 1413 
5 1595 1596 1646 1647 1644 
5 1533 1532 1587 1588 1584 
6 1422 1421 1424 1483 1484 1479 
6 1279 1278 1281 1347 1348 1339 
6 1043 1044 1051 1125 1126 1050 
6 694 695 696 789 790 787 
5 1398 1397 1405 1460 1399 
5 442 441 537 538 443 
5 82 85 117 116 84 
6 673 674 768 771 770 677 
6 185 221 231 230 228 184 
5 680 679 775 776 767 
6 957 956 1040 1042 1041 1032 
7 133 132 170 173 172 166 131 
6 7 8 12 18 17 14 
6 336 337 339 419 418 342 
6 263 264 324 326 323 322 
7 66 65 92 95 96 94 67 
5 1543 1544 1598 1597 1542 
6 277 276 336 342 343 341 
6 705 706 801 800 798 704 
5 267 268 329 328 266 
6 866 865 874 952 955 953 
5 1 2 5 4 6 
6 768 769 859 861 860 771 
6 1283 1282 1285 1351 1352 1345 
6 1063 1062 1064 1146 1145 1144 
6 334 335 389 416 417 338 
6 1346 1345 1352 1413 1414 1350 
6 88 89 97 125 126 90 
5 19 23 32 33 34 
5 1271 1279 1339 1340 1272 
5 1647 1646 1648 1693 1691 
6 946 947 957 1032 1031 948 
6 1481 1482 1536 1539 1538 1534 
7 343 342 418 421 425 424 422 
6 960 961 964 1045 1046 962 
6 587 588 590 687 686 685 
5 518 615 617 616 521 
6 417 416 475 514 513 420 
6 179 214 220 225 224 178 
6 186 226 232 234 233 187 
5 1426 1427 1488 1487 1425 
6 610 611 707 706 705 609 
5 24 36 42 41 26 
6 1484 1483 1485 1541 1540 1537 
5 1587 1586 1590 1639 1588 
6 1213 1212 1215 1284 1285 1282 
6 1535 1534 1538 1589 1590 1586 
6 199 200 201 254 253 207 
5 4 5 7 14 16 
5 490 505 585 584 504 
7 1469 1470 1468 1474 1527 1528 1471 
6 210 209 261 264 263 260 
6 213 212 250 270 269 218 
5 47 46 66 67 69 
5 1152 1151 1225 1228 1153 
7 394 396 395 479 481 482 403 
6 147 181 186 187 188 148 
5 96 95 130 132 133 
6 523 522 618 621 620 526 
6 253 254 256 316 317 262 
5 238 237 294 295 239 
6 577 576 672 674 673 581 
6 852 853 941 939 857 854 
5 357 358 441 442 360 
6 806 807 896 897 898 808 
6 289 290 355 358 357 292 
6 196 197 203 249 250 212 
6 1120 1119 1127 1198 1197 1121 
6 718 717 811 813 812 719 
6 568 578 664 666 665 570 
5 683 689 779 780 688 
6 286 285 345 350 349 348 
6 94 96 133 131 125 97 
6 152 153 156 197 196 165 
5 36 55 58 57 42 
6 967 966 968 1052 1051 1044 
5 722 721 815 816 731 
6 1057 1058 1142 1140 1139 1138 
7 685 686 781 783 782 773 684 
5 952 963 1038 1037 955 
6 251 252 265 312 313 255 
6 1531 1530 1535 1586 1587 1532 
6 41 42 57 64 63 44 
5 1485 1486 1543 1542 1541 
5 602 510 607 606 605 
6 389 388 397 474 475 416 
5 815 814 905 906 816 
6 227 229 281 282 232 226 
6 478 477 491 573 572 480 
6 1414 1413 1419 1477 1476 1417 
5 507 508 603 600 599 
5 1033 1034 1115 1116 1036 
6 128 167 168 169 139 127 
5 989 988 1072 1073 993 
6 223 224 225 275 280 278 
6 236 235 291 293 294 237 
4 512 610 609 608 
6 1262 1261 1269 1330 1331 1264 
6 201 202 251 255 256 254 
6 972 974 1059 1058 1057 1055 
6 393 392 478 480 479 395 
6 1061 1060 1063 1144 1143 1141 
6 679 678 684 773 774 775 
6 503 504 584 595 594 591 
5 172 173 219 217 215 
6 773 782 865 866 864 774 
6 92 93 123 129 130 95 
7 689 690 691 777 786 785 779 
6 1037 1038 1048 1119 1120 1039 
6 958 959 967 1044 1043 965 
6 397 399 483 484 476 474 
5 1059 1061 1141 1142 1058 
5 1064 1065 1066 1147 1146 
7 696 698 697 699 791 792 789 
6 1263 1264 1331 1332 1333 1265 
6 968 969 971 1054 1053 1052 
6 589 593 683 688 687 590 
6 1204 1203 1211 1277 1276 1209 
6 1415 1416 1417 1476 1478 1473 
6 697 605 606 701 700 699 
7 313 312 314 390 392 393 315 
5 1418 1422 1479 1480 1420 
6 311 310 319 388 389 335 
6 170 171 213 218 219 173 
6 1148 1149 1191 1224 1225 1151 
6 790 789 792 881 880 878 
7 1289 1291 1292 1360 1359 1357 1290 
6 257 259 321 320 319 310 
6 231 279 285 286 284 230 
7 28 27 43 46 47 45 31 
6 428 429 430 525 524 438 
5 608 609 705 704 703 
6 109 111 144 143 140 108 
6 40 39 60 62 61 50 
6 791 699 700 794 795 793 
6 607 608 703 702 701 606 
6 319 320 398 399 397 388 
6 516 613 614 615 518 517 
6 687 688 780 784 781 686 
5 667 668 765 763 712 
6 1053 1054 1056 1135 1136 1134 
6 785 786 870 877 876 871 
5 509 511 510 602 604 
6 978 977 979 1065 1064 1062 
6 1143 1144 1145 1222 1221 1219 
5 430 431 523 526 525 
5 893 894 981 980 892 
5 1225 1224 1266 1295 1228 
5 49 54 72 73 70 
6 665 666 762 764 765 668 
6 898 897 983 984 985 900 
6 21 20 29 37 38 22 
6 48 45 47 69 68 59 
5 314 327 332 391 390 
6 110 135 146 145 144 111 
1 4 5 6 8 10 11 13 16 17 18 21 22 23 25 28 29 30 31 34 35 36 39 40 43 44 45 46 47 48 49 50 51 
69 71 73 75 77 79 81 83 85 87 89 91 94 96 98 100 102 104 106 108 110 112 114 116 118 120 122 124 126 
1 2 3 7 9 12 14 15 19 20 24 26 27 32 33 37 38 41 42 52 53 54 56 57 58 59 60 61 62 63 65 66 68 69 
51 55 64 67 70 72 74 76 78 80 82 84 86 88 90 92 93 95 97 99 101 103 105 107 109 111 113 115 117 119 121 123 125 126 