498 256 4
1.000000 -1.000000
0.867132 -1.000000
0.860986 -0.918206
0.914404 -0.864897
1.000000 -0.870827
0.777057 -0.876241
0.721185 -0.911487
0.718557 -1.000000
0.783801 -0.796204
0.871315 -0.771770
0.890254 -0.735666
1.000000 -0.728886
0.579762 -1.000000
0.731142 -0.751919
0.647214 -0.808890
0.648434 -0.866576
0.579087 -0.913461
0.729209 -0.717287
0.787853 -0.654054
0.858460 -0.663555
0.901719 -0.602210
1.000000 -0.604748
1.000000 -0.473657
1.000000 -0.353529
0.437187 -1.000000
0.508919 -0.868970
0.438330 -0.912035
0.646035 -0.661046
0.584766 -0.694447
0.509896 -0.798290
0.578538 -0.759821
0.753580 -0.572452
0.658045 -0.585667
0.775949 -0.532378
0.864107 -0.522577
0.890547 -0.476954
0.629035 -0.552612
0.860162 -0.402357
0.888794 -0.351852
0.861616 -0.283309
0.900808 -0.229585
1.000000 -0.230198
1.000000 -0.110559
1.000000 -0.000000
0.296271 -1.000000
0.370432 -0.865619
0.297344 -0.906581
0.447358 -0.759062
0.373614 -0.797630
0.525752 -0.565705
0.513965 -0.643239
0.447259 -0.676156
0.642441 -0.465941
0.734645 -0.448030
0.756655 -0.403780
0.498805 -0.532199
0.601623 -0.426101
0.517462 -0.454064
0.733434 -0.343641
0.779225 -0.271470
0.756897 -0.223604
0.861783 -0.134232
0.805506 -0.140121
0.879966 -0.112326
0.871718 -0.000000
0.879966 0.112326
1.000000 0.110559
0.155642 -1.000000
0.014440 -1.000000
-0.130029 -1.000000
-0.272705 -1.000000
-0.420870 -1.000000
-0.566404 -1.000000
-0.708775 -1.000000
-0.848606 -1.000000
-1.000000 -1.000000
-1.000000 -0.908133
0.233422 -0.863705
0.156606 -0.902264
0.236407 -0.787595
0.389880 -0.643906
0.307618 -0.748779
0.311770 -0.694690
0.377301 -0.569153
0.400589 -0.535160
0.376330 -0.459754
0.639415 -0.323158
0.607226 -0.351423
0.446156 -0.382517
0.506069 -0.314234
0.635147 -0.235106
0.672671 -0.202961
0.742423 -0.081467
0.666584 -0.122460
0.749805 -0.000000
0.742423 0.081467
0.861783 0.134232
0.805506 0.140121
0.900808 0.229585
1.000000 0.230198
1.000000 0.353529
1.000000 0.473657
0.101113 -0.863775
0.015099 -0.895170
-0.127664 -0.888916
-0.022171 -0.866132
-0.146091 -0.871130
-0.250024 -0.868872
-0.276083 -0.893602
-0.375534 -0.866707
-0.421243 -0.902425
-0.507119 -0.863847
-0.565864 -0.903639
-0.642201 -0.862103
-0.708656 -0.899962
-0.768643 -0.864482
-0.853308 -0.899626
-0.878721 -0.881178
-0.895874 -0.789014
-1.000000 -0.775694
0.106574 -0.769189
0.169168 -0.745093
0.186109 -0.646282
0.267113 -0.560949
0.236583 -0.629709
0.243900 -0.503434
0.301513 -0.439048
0.283200 -0.369761
0.358780 -0.313786
0.547332 -0.207924
0.498564 -0.252389
0.415625 -0.220323
0.359887 -0.260969
0.540145 -0.132276
0.607978 -0.087858
0.604311 0.000000
0.666584 0.122460
0.607978 0.087858
0.756897 0.223604
0.672671 0.202961
0.779225 0.271470
0.861616 0.283309
0.888794 0.351852
0.860162 0.402357
0.890547 0.476954
0.864107 0.522577
0.901719 0.602210
1.000000 0.604748
1.000000 0.728886
-0.020798 -0.765686
0.051382 -0.736311
-0.076830 -0.733971
-0.136533 -0.758362
-0.261950 -0.760382
-0.200363 -0.726438
-0.379663 -0.771566
-0.323625 -0.737386
-0.507703 -0.780609
-0.450392 -0.743804
-0.586058 -0.743895
-0.639375 -0.779150
-0.729881 -0.737896
-0.768689 -0.763780
-0.853463 -0.741901
-0.874254 -0.671529
-1.000000 -0.671342
0.122955 -0.608428
0.052438 -0.642020
0.123356 -0.518248
0.173392 -0.484262
0.226100 -0.344989
0.161388 -0.384938
0.281638 -0.216510
0.216183 -0.257895
0.412571 -0.137185
0.473976 -0.099235
0.281944 -0.139811
0.342825 -0.103369
0.471625 -0.000000
0.540145 0.132276
0.473976 0.099235
0.547332 0.207924
0.635147 0.235106
0.733434 0.343641
0.639415 0.323158
0.756655 0.403780
0.734645 0.448030
0.775949 0.532378
0.753580 0.572452
0.787853 0.654054
0.858460 0.663555
0.890254 0.735666
0.871315 0.771770
0.914404 0.864897
1.000000 0.870827
1.000000 1.000000
-0.010799 -0.607552
-0.072272 -0.637816
-0.140070 -0.603088
-0.201687 -0.636690
-0.266950 -0.605226
-0.331023 -0.640803
-0.457314 -0.649378
-0.391773 -0.613996
-0.585812 -0.662963
-0.511416 -0.624701
-0.720875 -0.657061
-0.644237 -0.625085
-0.777995 -0.609575
-0.848822 -0.621850
-0.892522 -0.555026
-1.000000 -0.562281
-0.008089 -0.515327
0.040806 -0.485276
0.094768 -0.359181
0.042608 -0.390550
0.151820 -0.228474
0.091120 -0.264082
0.147953 -0.139515
0.211955 -0.102801
0.342037 0.000000
0.211796 -0.000000
0.412571 0.137185
0.342825 0.103369
0.415625 0.220323
0.498564 0.252389
0.607226 0.351423
0.506069 0.314234
0.642441 0.465941
0.601623 0.426101
0.629035 0.552612
0.658045 0.585667
0.729209 0.717287
0.646035 0.661046
0.731142 0.751919
0.783801 0.796204
0.777057 0.876241
0.860986 0.918206
0.867132 1.000000
-0.139102 -0.512956
-0.087171 -0.481507
-0.214427 -0.480212
-0.269750 -0.513371
-0.397261 -0.516922
-0.339676 -0.483909
-0.524272 -0.523548
-0.461342 -0.490806
-0.564476 -0.507941
-0.640030 -0.541128
-0.747535 -0.509173
-0.700075 -0.500500
-0.800263 -0.468535
-0.864682 -0.479201
-0.906690 -0.436730
-1.000000 -0.445640
-0.035926 -0.358050
-0.085543 -0.388728
-0.034758 -0.265696
0.021121 -0.233114
0.020376 -0.141294
0.081839 -0.107057
0.080841 -0.000000
0.281944 0.139811
0.211955 0.102801
0.147953 0.139515
0.081839 0.107057
0.281638 0.216510
0.359887 0.260969
0.446156 0.382517
0.358780 0.313786
0.517462 0.454064
0.525752 0.565705
0.498805 0.532199
0.513965 0.643239
0.584766 0.694447
0.578538 0.759821
0.647214 0.808890
0.648434 0.866576
0.721185 0.911487
0.718557 1.000000
-0.165670 -0.355945
-0.214680 -0.387533
-0.342218 -0.387487
-0.296478 -0.356278
-0.464982 -0.387263
-0.428581 -0.359976
-0.561122 -0.367369
-0.663039 -0.395469
-0.589987 -0.394123
-0.710223 -0.351007
-0.777462 -0.370715
-0.850720 -0.321891
-0.886945 -0.343547
-1.000000 -0.309614
-0.165143 -0.265218
-0.109133 -0.231834
-0.108663 -0.141730
-0.048520 -0.107913
-0.048554 0.000000
0.020376 0.141294
-0.048520 0.107913
0.216183 0.257895
0.151820 0.228474
0.091120 0.264082
0.021121 0.233114
0.226100 0.344989
0.283200 0.369761
0.400589 0.535160
0.301513 0.439048
0.376330 0.459754
0.377301 0.569153
0.447259 0.676156
0.389880 0.643906
0.447358 0.759062
0.509896 0.798290
0.508919 0.868970
0.579087 0.913461
0.579762 1.000000
-0.239738 -0.230963
-0.297232 -0.265808
-0.430611 -0.267908
-0.371018 -0.231790
-0.567723 -0.274338
-0.501654 -0.234678
-0.694575 -0.269450
-0.634845 -0.241650
-0.765084 -0.220663
-0.841511 -0.254772
-0.890025 -0.210226
-1.000000 -0.237865
-0.239893 -0.141893
-0.179257 -0.107183
-0.179202 0.000000
-0.108663 0.141730
-0.179257 0.107183
-0.034758 0.265696
-0.109133 0.231834
0.094768 0.359181
0.161388 0.384938
0.042608 0.390550
-0.035926 0.358050
0.243900 0.503434
0.173392 0.484262
0.267113 0.560949
0.236583 0.629709
0.311770 0.694690
0.307618 0.748779
0.373614 0.797630
0.370432 0.865619
0.438330 0.912035
0.437187 1.000000
-0.371981 -0.142443
-0.310910 -0.107116
-0.504934 -0.144335
-0.443014 -0.108173
-0.630598 -0.142108
-0.576275 -0.111446
-0.757028 -0.136059
-0.711633 -0.106804
-0.852646 -0.096429
-0.883338 -0.121276
-1.000000 -0.096487
-0.311088 -0.000000
-0.239893 0.141893
-0.310910 0.107116
-0.239738 0.230963
-0.165143 0.265218
-0.085543 0.388728
-0.165670 0.355945
0.123356 0.518248
0.040806 0.485276
-0.087171 0.481507
-0.008089 0.515327
0.122955 0.608428
0.186109 0.646282
0.169168 0.745093
0.236407 0.787595
0.233422 0.863705
0.297344 0.906581
0.296271 1.000000
-0.444033 0.000000
-0.575562 0.000000
-0.708675 0.000000
-0.849298 -0.000000
-1.000000 0.000000
-0.371981 0.142443
-0.443014 0.108173
-0.371018 0.231790
-0.297232 0.265808
-0.296478 0.356278
-0.214680 0.387533
-0.214427 0.480212
-0.139102 0.512956
0.052438 0.642020
-0.010799 0.607552
-0.140070 0.603088
-0.072272 0.637816
0.106574 0.769189
0.051382 0.736311
0.101113 0.863775
0.156606 0.902264
0.155642 1.000000
-0.504934 0.144335
-0.576275 0.111446
-0.630598 0.142108
-0.711633 0.106804
-0.757028 0.136059
-0.852646 0.096429
-0.883338 0.121276
-1.000000 0.096487
-0.501654 0.234678
-0.430611 0.267908
-0.428581 0.359976
-0.342218 0.387487
-0.269750 0.513371
-0.339676 0.483909
-0.266950 0.605226
-0.201687 0.636690
-0.200363 0.726438
-0.076830 0.733971
-0.020798 0.765686
-0.136533 0.758362
-0.022171 0.866132
0.015099 0.895170
0.014440 1.000000
-0.567723 0.274338
-0.634845 0.241650
-0.694575 0.269450
-0.765084 0.220663
-0.841511 0.254772
-0.890025 0.210226
-1.000000 0.237865
-0.561122 0.367369
-0.464982 0.387263
-0.461342 0.490806
-0.397261 0.516922
-0.331023 0.640803
-0.391773 0.613996
-0.323625 0.737386
-0.261950 0.760382
-0.146091 0.871130
-0.250024 0.868872
-0.127664 0.888916
-0.130029 1.000000
-1.000000 0.309614
-0.589987 0.394123
-0.710223 0.351007
-0.663039 0.395469
-0.777462 0.370715
-0.850720 0.321891
-0.886945 0.343547
-0.524272 0.523548
-0.564476 0.507941
-0.511416 0.624701
-0.457314 0.649378
-0.450392 0.743804
-0.379663 0.771566
-0.375534 0.866707
-0.276083 0.893602
-0.272705 1.000000
-0.906690 0.436730
-1.000000 0.445640
-0.700075 0.500500
-0.640030 0.541128
-0.747535 0.509173
-0.800263 0.468535
-0.864682 0.479201
-0.644237 0.625085
-0.585812 0.662963
-0.586058 0.743895
-0.507703 0.780609
-0.507119 0.863847
-0.421243 0.902425
-0.420870 1.000000
-0.892522 0.555026
-1.000000 0.562281
-0.777995 0.609575
-0.720875 0.657061
-0.848822 0.621850
-0.729881 0.737896
-0.639375 0.779150
-0.642201 0.862103
-0.565864 0.903639
-0.566404 1.000000
-0.874254 0.671529
-1.000000 0.671342
-0.768689 0.763780
-0.853463 0.741901
-0.768643 0.864482
-0.708656 0.899962
-0.708775 1.000000
-0.895874 0.789014
-1.000000 0.775694
-0.853308 0.899626
-0.878721 0.881178
-0.848606 1.000000
-1.000000 0.908133
-1.000000 1.000000
5 222 221 224 263 264 
6 405 404 403 411 426 427 
4 493 492 495 497 
5 136 95 96 137 138 
6 465 463 464 468 478 477 
6 487 480 481 482 490 489 
6 95 65 66 97 98 96 
6 426 411 412 413 434 433 
5 97 66 67 100 99 
6 263 224 223 225 268 267 
5 193 192 149 195 194 
6 339 306 307 309 342 343 
5 494 489 490 491 496 
5 382 381 387 403 404 
5 384 383 406 407 408 
6 187 186 144 145 146 188 
6 436 416 415 417 437 438 
6 348 314 315 316 350 349 
6 457 439 440 442 459 458 
6 407 406 405 427 428 429 
5 333 299 301 334 335 
5 137 96 98 139 140 
5 448 446 453 464 463 
5 486 485 488 492 493 
5 179 136 138 180 181 
6 437 417 418 419 440 439 
5 350 316 317 318 351 
6 183 140 139 141 184 185 
6 98 97 99 142 141 139 
5 299 262 266 300 301 
6 141 142 143 144 186 184 
6 398 376 377 378 401 400 
6 478 468 469 470 481 480 
6 414 390 391 392 415 416 
5 473 458 459 460 474 
5 236 193 194 238 237 
5 443 423 424 425 444 
7 233 190 191 192 193 236 235 
5 385 384 408 409 410 
6 455 438 437 439 457 456 
6 422 420 421 423 443 441 
6 432 431 430 450 451 445 
6 304 303 302 306 339 338 
6 342 309 310 308 311 344 
6 367 337 336 341 368 369 
6 277 235 236 237 279 278 
6 451 450 449 466 467 461 
6 223 181 180 182 226 225 
5 238 194 195 196 239 
5 383 382 404 405 406 
6 386 365 364 366 389 388 
5 307 270 269 310 309 
5 440 419 422 441 442 
5 310 269 271 273 308 
6 481 470 471 472 483 482 
7 311 308 273 272 274 312 313 
4 410 409 431 432 
6 471 456 457 458 473 472 
7 227 185 184 186 187 229 230 
6 394 374 375 376 398 399 
6 393 372 373 395 397 396 
5 424 400 401 402 425 
6 409 408 407 429 430 431 
5 363 333 335 364 365 
6 418 396 397 420 422 419 
6 336 305 304 338 340 341 
6 389 366 367 369 391 390 
7 428 427 426 433 446 448 447 
6 368 341 340 371 373 372 
6 421 399 398 400 424 423 
5 490 482 483 484 491 
5 279 237 238 239 280 
6 377 347 348 349 379 378 
6 272 231 232 234 275 274 
5 344 311 313 346 345 
4 65 44 67 66 
6 302 267 268 270 307 306 
6 346 313 312 314 348 347 
6 275 234 233 235 277 276 
6 300 266 265 303 304 305 
6 459 442 441 443 444 460 
5 462 461 467 475 476 
6 265 264 263 267 302 303 
6 364 335 334 337 367 366 
6 452 435 436 438 455 454 
6 226 182 183 185 227 228 
6 312 274 275 276 315 314 
6 315 276 277 278 317 316 
6 271 230 229 231 272 273 
6 391 369 368 372 393 392 
6 189 188 146 147 191 190 
5 146 145 102 148 147 
5 221 179 181 223 224 
6 334 301 300 305 336 337 
6 430 429 428 447 449 450 
6 492 488 487 489 494 495 
6 268 225 226 228 269 270 
5 191 147 148 149 192 
6 464 453 452 454 469 468 
5 142 99 100 101 143 
5 262 222 264 265 266 
5 232 189 190 233 234 
5 269 228 227 230 271 
5 381 363 365 386 387 
4 445 451 461 462 
5 317 278 279 280 318 
6 415 392 393 396 418 417 
6 434 413 414 416 436 435 
6 467 466 465 477 479 475 
6 446 433 434 435 452 453 
6 469 454 455 456 471 470 
5 476 475 479 485 486 
5 401 378 379 380 402 
5 483 472 473 474 484 
6 449 447 448 463 465 466 
6 229 187 188 189 232 231 
6 375 345 346 347 377 376 
5 379 349 350 351 380 
6 412 388 389 390 414 413 
6 340 338 339 343 370 371 
7 485 479 477 478 480 487 488 
7 370 343 342 344 345 375 374 
5 144 143 101 102 145 
6 373 371 370 374 394 395 
6 180 138 137 140 183 182 
6 397 395 394 399 421 420 
5 497 495 494 496 498 
6 403 387 386 388 412 411 
5 220 177 178 221 222 
6 326 323 324 354 357 356 
4 77 118 119 120 
5 135 94 93 95 136 
6 209 207 208 249 251 250 
6 116 115 114 161 162 163 
6 93 63 62 64 65 95 
6 287 285 286 321 324 323 
5 41 42 43 64 62 
6 173 133 132 175 178 177 
5 4 5 12 11 10 
6 170 126 127 128 171 172 
5 75 74 115 116 117 
5 357 354 355 381 382 
5 360 358 359 383 384 
6 34 35 36 38 55 54 
6 204 202 201 243 245 244 
6 46 27 26 30 48 49 
6 110 109 108 154 157 156 
6 327 325 326 356 359 358 
5 332 297 298 299 333 
5 92 61 63 93 94 
5 251 249 248 289 288 
5 120 119 164 165 166 
5 176 134 135 136 179 
6 157 154 155 200 201 202 
5 25 13 17 26 27 
6 87 59 60 61 92 91 
6 61 60 40 41 62 63 
5 298 260 261 262 299 
6 59 55 38 39 40 60 
6 103 79 78 80 122 121 
6 162 161 160 205 208 207 
6 245 243 242 282 284 283 
5 72 71 109 110 111 
5 6 3 4 10 9 
5 70 69 104 106 105 
7 14 9 10 11 20 19 18 
5 362 361 360 384 385 
6 159 156 157 202 204 203 
6 107 105 106 150 152 153 
6 294 293 292 328 329 330 
6 215 172 171 174 217 218 
6 124 84 85 86 127 126 
6 281 257 256 258 296 295 
6 16 7 6 9 14 15 
6 254 253 252 291 292 293 
6 132 131 130 134 176 175 
5 2 1 5 4 3 
5 359 356 357 382 383 
6 322 320 319 331 353 352 
5 127 86 89 129 128 
5 108 107 153 155 154 
5 85 56 58 89 86 
6 114 113 112 158 160 161 
7 81 52 51 50 56 85 84 
4 330 329 361 362 
6 112 111 110 156 159 158 
7 57 53 54 55 59 87 88 
6 151 121 122 123 167 168 
6 199 198 197 213 241 240 
5 69 68 79 103 104 
6 329 328 327 358 360 361 
5 353 331 332 333 363 
6 155 153 152 198 199 200 
6 256 216 215 218 259 258 
6 284 282 281 295 319 320 
7 290 288 289 287 323 326 325 
6 241 213 214 216 256 257 
6 106 104 103 121 151 150 
5 74 73 113 114 115 
5 8 2 3 6 7 
6 78 47 46 49 82 80 
6 51 29 28 33 37 50 
5 125 83 81 84 124 
4 64 43 44 65 
6 171 128 129 133 173 174 
6 82 49 48 52 81 83 
6 31 15 14 18 28 29 
6 259 218 217 219 261 260 
6 71 70 105 107 108 109 
5 212 211 253 254 255 
6 217 174 173 177 220 219 
6 319 295 296 297 332 331 
6 206 203 204 244 247 246 
6 90 88 87 91 130 131 
6 48 30 31 29 51 52 
6 26 17 16 15 31 30 
6 56 50 37 53 57 58 
6 242 240 241 257 281 282 
6 19 20 21 35 34 32 
5 21 22 23 36 35 
5 178 175 176 179 221 
6 296 258 259 260 298 297 
6 292 291 290 325 327 328 
6 118 117 116 163 164 119 
6 129 89 90 131 132 133 
5 11 12 22 21 20 
6 208 205 206 246 248 249 
5 39 24 42 41 40 
5 261 219 220 222 262 
5 28 18 19 32 33 
5 58 57 88 90 89 
5 355 352 353 363 381 
4 255 254 293 294 
5 13 8 7 16 17 
6 201 200 199 240 242 243 
6 247 244 245 283 286 285 
6 211 210 209 250 252 253 
6 248 246 247 285 287 289 
6 160 158 159 203 206 205 
5 166 165 210 211 212 
5 68 45 47 78 79 
5 73 72 111 112 113 
6 252 250 251 288 290 291 
6 37 33 32 34 54 53 
6 122 80 82 83 125 123 
5 45 25 27 46 47 
6 286 283 284 320 322 321 
6 214 169 170 172 215 216 
7 164 163 162 207 209 210 165 
7 167 123 125 124 126 170 169 
5 36 23 24 39 38 
6 197 168 167 169 214 213 
6 130 91 92 94 135 134 
6 152 150 151 168 197 198 
5 76 75 117 118 77 
6 324 321 322 352 355 354 
24 25 29 32 35 37 39 41 43 45 47 49 51 53 55 57 59 61 62 
1 3 5 7 8 9 11 12 13 15 26 27 28 30 31 33 34 
1 2 4 6 10 14 16 17 18 19 20 21 22 23 24 
34 36 38 40 42 44 46 48 50 52 54 56 58 60 62 